"","n113","n114","n115","n116","n117","n118","n119","n121","markers"
"Q62261",0.1250068488,0.0821973215,0.0188481074,0.15218302,0.1999588413,0.3212736961,0.0787505221,0.0217816429,"unknown"
"Q9JHU4",0.0696974585,0.0665396293,0.0264236012,0.0746738036,0.0849709485,0.4226031323,0.2099599597,0.045131467,"unknown"
"Q9QXS1",0.2159640175,0.1200515612,0.0377647864,0.1045175743,0.1169688765,0.2155020308,0.1481317391,0.0410994141,"unknown"
"P16546",0.1291133254,0.0803034607,0.0334181337,0.1377509966,0.1824224595,0.2943513818,0.1047296112,0.037910631,"unknown"
"Q69ZN7",0.1872051546,0.3405098089,0.0783340887,0.2252436586,0.0835608097,0.0557361261,0.0192503847,0.0101599685,"unknown"
"P30999",0.2848133019,0.1718569503,0.0558462022,0.1943975,0.1385169715,0.0861758101,0.0280762297,0.0403170343,"Plasma membrane"
"Q03265",0.0215762545,0.0241266556,0.0129827548,0.1116884509,0.4591128035,0.2833070622,0.084397197,0.0028088214,"Mitochondrion"
"P58252",0.0923443543,0.0909909763,0.0212251479,0.1011568715,0.0884383617,0.1152954607,0.2530547622,0.2374940653,"unknown"
"P63038",0.0204620149,0.0246617739,0.0086679326,0.1248654725,0.4773266434,0.2843661745,0.0506929979,0.0089569904,"Mitochondrion"
"P52480",0.0685197521,0.0619898696,0.0174179876,0.0588812324,0.0437440452,0.1592636327,0.116587601,0.4735958795,"unknown"
"Q62318",0.0250780067,0.0306240546,0.0076140194,0.0525982668,0.056164877,0.3259025165,0.1869109658,0.3151072932,"unknown"
"P08113",0.0923169686,0.1342037543,0.0358990234,0.2973450238,0.2274548908,0.1716717241,0.0335661415,0.0075424734,"Endoplasmic reticulum"
"P56480",0.0194840627,0.0256488686,0.0058410653,0.1194950265,0.4810372431,0.3006826656,0.047787224,2.38442072097076e-05,"Mitochondrion"
"Q6PB66",0.0282539666,0.035566856,0.0148334396,0.1114800781,0.4214441425,0.2758352144,0.0713519746,0.0412343281,"Mitochondrion"
"Q8BTM8",0.1217467543,0.1029100002,0.0276460832,0.1263011118,0.1363937463,0.322112285,0.1268511108,0.0360389085,"unknown"
"P07901",0.0831941207,0.0646474782,0.0146353605,0.0423162152,0.0227231388,0.0205188384,0.0104519012,0.7415129469,"Cytosol"
"D4AFX7",0.0809199337,0.2906389738,0.0525787963,0.3360566283,0.1058385038,0.0682874341,0.0285842028,0.0370955273,"unknown"
"Q61543",0.0911774225,0.140890915,0.0618863182,0.3144678784,0.1639954213,0.1223310978,0.0623172374,0.0429337095,"unknown"
"Q9CQN1",0.0604651478,0.0591009566,0.0287453524,0.0475544865,0.0622482232,0.0384686614,0.0197081907,0.6837089815,"Mitochondrion"
"P38647",0.0212539167,0.0267036813,0.0077022403,0.1153195106,0.4695174105,0.3018423114,0.0534834944,0.0041774346,"Mitochondrion"
"P43247",0.042921584,0.0486240676,0.0191258596,0.0537016794,0.0606424782,0.3801945766,0.1507804204,0.2440093343,"unknown"
"P80318",0.0983225488,0.0947092907,0.0175023721,0.0886005926,0.067465537,0.1427336811,0.125265233,0.3654007446,"unknown"
"Q80U72",0.3489491924,0.1880915071,0.0411828177,0.1402735474,0.1104369842,0.0867855348,0.0325079253,0.0517724911,"Plasma membrane"
"Q8BHN3",0.0980032653,0.1301363865,0.0471183728,0.2654971587,0.2222880654,0.1690033661,0.043200304,0.0247530812,"unknown"
"P27773",0.0570367171,0.1234765068,0.029011554,0.3077228845,0.2281983358,0.1976531334,0.0378184317,0.0190824368,"Endoplasmic reticulum"
"Q3U7R1",0.1379156088,0.1484601107,0.0826707556,0.2244453615,0.1680455474,0.1285195375,0.0542292074,0.0557138713,"unknown"
"Q922D8",0.0770396579,0.091683212,0.0372559783,0.1336304352,0.1168308598,0.1119830485,0.3198602355,0.1117165728,"unknown"
"Q9CPY7",0.0451842805,0.048803496,0.0131541516,0.0926076623,0.3002028866,0.20573639,0.0529966311,0.2413145018,"unknown"
"Q99K87",0.0273134,0.0306081016,0.0093449026,0.118767991,0.4721717274,0.274495618,0.0595852206,0.0077130387,"unknown"
"P08249",0.0229666922,0.0234432111,0.0135923876,0.1071439315,0.4840130731,0.2620370165,0.0809535439,0.0058501441,"Mitochondrion"
"P27659",0.0700295097,0.0806227639,0.018931639,0.1785923433,0.1561742239,0.1643992276,0.1967208962,0.1345293963,"60S Ribosome"
"Q02248",0.4020272926,0.2147287729,0.0564597898,0.1515876508,0.0894733604,0.054654309,0.0194271729,0.0116416517,"Plasma membrane"
"Q3V3R1",0.0351294791,0.0374683235,0.0137330747,0.1130151307,0.456553276,0.2693323168,0.0605558599,0.0142125393,"Mitochondrion"
"Q9D8E6",0.0868314342,0.0844771431,0.0357429052,0.1412069342,0.1406530705,0.1266868744,0.2805633021,0.1038383362,"60S Ribosome"
"O35129",0.0393245674,0.0385325786,0.0142895123,0.1184644058,0.4431529541,0.2634667205,0.0660342993,0.0167349622,"unknown"
"P05064",0.1130171466,0.0958190198,0.0153642788,0.0702025963,0.0363706442,0.0285485134,0.011628692,0.629049109,"Cytosol"
"P09103",0.0588005791,0.1171260756,0.0308422838,0.3148234877,0.2302160839,0.2035068696,0.0305023664,0.0141822539,"Endoplasmic reticulum"
"P20029",0.0930206255,0.1254482418,0.0420831723,0.2856232425,0.22697556,0.1758735486,0.0398284908,0.0111471184,"Endoplasmic reticulum"
"P47738",0.0157285955,0.0202208424,0.0081273694,0.108167069,0.4794714355,0.2968296172,0.0630488628,0.0084062083,"Mitochondrion"
"P51432",0.262453126,0.2986465285,0.0374215364,0.1739156426,0.092144211,0.0700243135,0.0219408478,0.0434537943,"unknown"
"P68040",0.0802745298,0.0755167358,0.0142163484,0.1316654246,0.1423670815,0.1766759955,0.2265443661,0.1527395182,"unknown"
"P80314",0.0989461389,0.09629821,0.0190842924,0.0793802779,0.0604200859,0.1224392379,0.097564847,0.4258669101,"unknown"
"Q8K2B3",0.0416075785,0.0431539865,0.0183322336,0.1223809422,0.4357574418,0.2635359427,0.0603059556,0.014925919,"Mitochondrion"
"A2AQR0",0.036208904,0.042241484,0.0151389009,0.127454988,0.4240753099,0.2832394224,0.0598029792,0.0118380116,"unknown"
"A2ARV4",0.183146228,0.313190285,0.0601184264,0.181627373,0.0800182198,0.0802515036,0.0433918514,0.0582561127,"unknown"
"P09055",0.2718051743,0.2416715576,0.0648816328,0.1999936695,0.1084421497,0.0761816947,0.0268906194,0.0101335018,"Plasma membrane"
"P16858",0.0606226971,0.0574129921,0.0109927323,0.0518589464,0.0286515057,0.0382441623,0.0341554638,0.7180615004,"unknown"
"P20152",0.1154974633,0.0895917605,0.0249807456,0.0981287506,0.1050588338,0.2500755755,0.1508946724,0.1657721984,"unknown"
"P25206",0.0599585978,0.0504432116,0.021259026,0.0667020541,0.0715125772,0.2044181785,0.1296978106,0.3960085442,"unknown"
"P26231",0.3002024716,0.2137604936,0.0429457112,0.189429434,0.124203231,0.0689606335,0.031056051,0.0294419742,"Plasma membrane"
"P26443",0.02500667,0.0275105613,0.0099102777,0.1153288338,0.4522934517,0.2985086131,0.067074996,0.0043665963,"Mitochondrion"
"P62908",0.0609051206,0.0630062077,0.0228360738,0.1165206031,0.1225866861,0.1249524577,0.3466824917,0.1425103593,"40S Ribosome"
"Q01853",0.060259873,0.0790133266,0.0231316096,0.1039714663,0.0607633458,0.0463574551,0.0180946216,0.6084083019,"unknown"
"Q02053",0.0475479373,0.0606250674,0.0120833788,0.0507975897,0.0317261965,0.0335835061,0.020255156,0.7433811682,"Cytosol"
"Q61316",0.0336604664,0.0442160067,0.0086637146,0.0462118787,0.0261321442,0.0215318338,0.0113834587,0.8082004969,"Cytosol"
"Q61656",0.0614279726,0.0772329506,0.0158633033,0.1369842968,0.1182098452,0.1724141388,0.2069480372,0.2109194556,"Nucleus - Nucleolus"
"Q61739",0.3111753099,0.2377742626,0.0423759863,0.1729940051,0.1076426478,0.0888718463,0.0271386017,0.0120273403,"Plasma membrane"
"Q62351",0.1560396729,0.2656563892,0.1134319383,0.2543848537,0.1139154585,0.0611030922,0.0244867219,0.0109818732,"unknown"
"Q64737",0.0803474823,0.0837501637,0.0178373806,0.0504785415,0.0312206541,0.040973941,0.0305591523,0.6648326844,"unknown"
"Q68FD5",0.154035392,0.1183428247,0.040491956,0.1827356747,0.1500233601,0.0873091582,0.056965246,0.2100963883,"unknown"
"Q6ZWN5",0.0979771447,0.0948732978,0.0170384115,0.1432729819,0.139556966,0.1329953541,0.1913812323,0.1829046117,"40S Ribosome"
"Q78PY7",0.099892228,0.0973649067,0.0455709719,0.1798083353,0.188646791,0.1704635208,0.176731802,0.0415214443,"unknown"
"Q80X90",0.1599459864,0.1505062847,0.0488769197,0.1498226636,0.117299057,0.1347608675,0.0743460156,0.1644422054,"unknown"
"Q8BMK4",0.0784261941,0.1000644868,0.0438119709,0.2437577744,0.2628269258,0.2015416705,0.0504571651,0.0191138125,"Endoplasmic reticulum"
"Q8BMS1",0.0311612193,0.0417311003,0.0133590385,0.1140768618,0.434454992,0.2744115821,0.0764301814,0.0143750245,"Mitochondrion"
"Q8K3F7",0.0241595868,0.0210928571,0.0104812867,0.1050357546,0.4782108056,0.2883074633,0.0710507784,0.0016614675,"Mitochondrion"
"Q8VDN2",0.3300999148,0.2080368022,0.0447558204,0.1715917803,0.1197665389,0.095318906,0.0253597659,0.0050704715,"Plasma membrane"
"Q99KI0",0.0271612548,0.032115332,0.0168612589,0.1112942731,0.4479340751,0.2634381503,0.0828547556,0.0183409002,"Mitochondrion"
"Q9QXZ0",0.1324161816,0.102718167,0.0324251195,0.1401839328,0.1513092571,0.2017989432,0.1040631978,0.135085201,"unknown"
"P02468",0.0985755271,0.1087463091,0.072479514,0.2217223246,0.2235380164,0.1543623313,0.0870939022,0.0334820752,"unknown"
"P10852",0.3105683728,0.2404028296,0.0321904794,0.1857444808,0.114529058,0.0965260565,0.0163085814,0.0037301415,"Plasma membrane"
"P14148",0.0906060558,0.0952846738,0.024888451,0.1567886943,0.1469621472,0.1459651951,0.2236079441,0.1158968386,"60S Ribosome"
"P35486",0.0296120835,0.0357314926,0.0098592705,0.1125939373,0.4416372289,0.2822610127,0.0733825033,0.0149224712,"Mitochondrion"
"P42932",0.0966912643,0.0959842776,0.0309999265,0.084723907,0.0683272724,0.076919623,0.1384403591,0.40791337,"unknown"
"P47911",0.0694001868,0.0784913331,0.026794347,0.1574138791,0.1541379876,0.1776513278,0.2218998579,0.1142110808,"60S Ribosome"
"P63017",0.045687831,0.0503951981,0.0204307228,0.062032913,0.0430858705,0.0544837298,0.0346292296,0.6892545052,"Cytosol"
"P80316",0.0708637742,0.0673256113,0.0212024428,0.0736958363,0.0592572104,0.1075248453,0.1716403485,0.4284899311,"unknown"
"P98203",0.3558546625,0.1902112488,0.040275957,0.1272599026,0.0832074184,0.0700376349,0.0372575984,0.0958955774,"unknown"
"Q03145",0.2121084371,0.2537831623,0.0615421949,0.2284967694,0.1158095245,0.0745146922,0.0299370793,0.0238081404,"Plasma membrane"
"Q8VEK3",0.0647353307,0.0739811492,0.016002934,0.1137620965,0.0967238208,0.2061335236,0.1825139185,0.2461472268,"unknown"
"Q91YQ5",0.0626787597,0.0950401522,0.0311189386,0.2851651047,0.245095592,0.2245348935,0.04651653,0.0098500293,"Endoplasmic reticulum"
"Q91ZX7",0.1230557145,0.2713128058,0.1048365173,0.2872127963,0.1026218259,0.06822824,0.0224519594,0.0202801408,"unknown"
"Q9JKR6",0.1104918656,0.1328566004,0.0550491254,0.1911686908,0.1856377343,0.1477271648,0.0684490287,0.1086197899,"Endoplasmic reticulum"
"O70133",0.0523209809,0.0553125394,0.0193781342,0.0747082499,0.0901501455,0.1467864142,0.2771775166,0.2841660192,"unknown"
"P09405",0.0263603262,0.0343003171,0.0049320153,0.0510768198,0.0516970764,0.0826564949,0.0373856126,0.7115913376,"unknown"
"P12970",0.0839334116,0.0948173446,0.0201656745,0.1627525398,0.145459696,0.1359119394,0.170277206,0.1866821882,"60S Ribosome"
"P14206",0.08962573,0.0769016429,0.0219425882,0.1144067115,0.1092561486,0.1146550638,0.2819667609,0.191245354,"40S Ribosome"
"P14733",0.0322182646,0.0407081209,0.0181885447,0.0549701407,0.080804593,0.5668396464,0.1909235942,0.0153470954,"unknown"
"P17182",0.0668377648,0.0660058013,0.0142662585,0.0372191523,0.0211112556,0.0326382881,0.0304029416,0.7315185378,"Cytosol"
"P23116",0.0457741073,0.0625022582,0.0235032264,0.1010391339,0.1018908726,0.1198151437,0.0761702116,0.4693050463,"unknown"
"P37040",0.1499973197,0.1606076934,0.0652760771,0.2309725085,0.1602584229,0.1396174462,0.0657237714,0.0275467608,"Endoplasmic reticulum"
"P51660",0.0782018551,0.0798178585,0.0283954398,0.1165953541,0.173082281,0.2928320943,0.2105225961,0.0205525211,"unknown"
"P54071",0.0250942982,0.0283029685,0.0205334363,0.10744813,0.4200739601,0.2626109041,0.0978781457,0.0380581571,"Mitochondrion"
"P54276",0.0223645956,0.0278414169,0.0103921348,0.0444159341,0.0569530311,0.4705802966,0.1224800735,0.2449725175,"unknown"
"P62702",0.0789284169,0.0753742282,0.0224548909,0.1175425489,0.1224975292,0.1285359536,0.2752361257,0.1794303065,"40S Ribosome"
"P97351",0.0283248836,0.0230891405,0.0071017031,0.0371945905,0.0566697497,0.1099084892,0.5113660895,0.2263453539,"40S Ribosome"
"Q04447",0.0454653162,0.0652995238,0.0142832146,0.0384576657,0.0197051646,0.0160571078,0.0149124228,0.7858195845,"Cytosol"
"Q07113",0.0919821324,0.259123181,0.1408622963,0.3247720117,0.1108176323,0.0418858304,0.0151668632,0.0153900527,"unknown"
"Q587J6",0.0522230025,0.053395514,0.0234922519,0.0933093592,0.1432980976,0.3677057073,0.2131403085,0.053435759,"unknown"
"Q6P5E4",0.0978512234,0.1297392576,0.0444642617,0.2065807417,0.2060836372,0.1915715275,0.0615950537,0.062114297,"Endoplasmic reticulum"
"Q6ZQ08",0.064209138,0.0712957951,0.0400365568,0.0872790417,0.0875998316,0.1138303822,0.4201168654,0.1156323892,"unknown"
"Q7TN89",0.3588108368,0.2107117957,0.0550299484,0.1475790116,0.0891581345,0.0590046372,0.0410167975,0.0386888384,"Plasma membrane"
"Q8BFR5",0.0251013214,0.0290548098,0.0199598189,0.1054266438,0.425751901,0.25052362,0.1353026257,0.0088792594,"Mitochondrion"
"Q8BH04",0.0562756639,0.0686152238,0.0290015134,0.1307780241,0.3629238541,0.233213165,0.0772250166,0.0419675392,"Mitochondrion"
"Q8BK67",0.0378997381,0.0423113403,0.0190477624,0.0723543934,0.0884135603,0.3997828945,0.2177813422,0.1224089688,"Nucleus - Chromatin"
"Q8BMF4",0.0443156608,0.0480369072,0.0171116088,0.120763902,0.4243213251,0.2681693875,0.0668176652,0.0104635435,"Mitochondrion"
"Q8CGK3",0.0440397649,0.0444450796,0.0261435068,0.1129121926,0.41042369,0.2630532452,0.079146961,0.0198355599,"Mitochondrion"
"Q925I1",0.050540384,0.0588354835,0.0438225096,0.1267787652,0.3793462404,0.2534779216,0.0639614955,0.0232372001,"Mitochondrion"
"Q99JY0",0.0304054482,0.0389085331,0.0154591362,0.1180750628,0.4195369488,0.3022442105,0.0574438792,0.0179267813,"Mitochondrion"
"Q9CZ13",0.0238593746,0.0264579352,0.008893208,0.1074046175,0.4620631153,0.2951189676,0.066396325,0.0098064568,"Mitochondrion"
"Q9R0P5",0.2001561478,0.2053180824,0.0405600779,0.1965457547,0.0792340177,0.0224465913,0.0097757038,0.2459636244,"unknown"
"Q9WTI7",0.2556952382,0.2814468314,0.0394191732,0.1960499073,0.0923915792,0.075928251,0.0274190341,0.0316499855,"Plasma membrane"
"Q9Z110",0.090866819,0.0774435565,0.0379646212,0.1173738108,0.3210133924,0.1991728548,0.0930104439,0.0631545015,"unknown"
"O88477",0.0790136787,0.0588273899,0.0307842363,0.0798370237,0.0881768954,0.1441715744,0.3863934126,0.132795789,"unknown"
"O88569",0.0614252655,0.0517355667,0.0176362274,0.0562873466,0.0541964116,0.1527933147,0.4736473196,0.1322785478,"unknown"
"P05201",0.0504780846,0.0601118345,0.0119600313,0.0365643886,0.0235556848,0.0159929557,0.0127732418,0.7885637787,"Cytosol"
"P05202",0.0634915157,0.0633598746,0.0164597681,0.1212430454,0.3955453756,0.2498025112,0.0726243079,0.0174736016,"Mitochondrion"
"P06151",0.0795867062,0.0785277205,0.0335088075,0.0645547089,0.0330965435,0.0215806536,0.0158686383,0.6732762216,"Cytosol"
"P11499",0.0915725236,0.0889088464,0.0206000388,0.062427988,0.0349419719,0.028043775,0.0136184249,0.6598864314,"Cytosol"
"P11688",0.3260600985,0.2319065772,0.0501062495,0.1675396079,0.0907966809,0.0620595053,0.0420867335,0.0294445473,"Plasma membrane"
"P13864",0.0592738842,0.0508659586,0.032294202,0.0649129262,0.0682200354,0.5101783773,0.1421355569,0.0721190595,"Nucleus - Chromatin"
"P14211",0.0569224348,0.1000539652,0.0264819624,0.312348971,0.2550233322,0.1984856357,0.0348201232,0.0158635754,"unknown"
"P20060",0.1670247388,0.2079361298,0.1263929296,0.2858886909,0.1266203742,0.0419718101,0.0267691299,0.0173961968,"Lysosome"
"P26039",0.1136597844,0.1228427251,0.0642271008,0.1826330446,0.1595476802,0.1713919574,0.086115877,0.0995818306,"unknown"
"P29341",0.0665494639,0.06425418,0.0198678506,0.0966837448,0.1146615833,0.1540321458,0.3378802007,0.1460708308,"unknown"
"P29758",0.0218569547,0.0294142393,0.012697458,0.0907504054,0.4310061505,0.2860709221,0.1088641244,0.0193397456,"Mitochondrion"
"P46935",0.1513959896,0.1528849908,0.0324994615,0.1042825698,0.053145198,0.038298382,0.020561694,0.4469317142,"unknown"
"P47962",0.0736498167,0.1116120918,0.0063189033,0.1712463213,0.1476997192,0.1627390026,0.1708991344,0.1558350107,"60S Ribosome"
"P50580",0.072415429,0.065536984,0.0231853189,0.0890774047,0.0880266361,0.1102554118,0.3981305588,0.1533722568,"unknown"
"P51150",0.0994908623,0.1787193281,0.0565529467,0.3001236757,0.1442618935,0.0846246998,0.020214921,0.1160116729,"unknown"
"P62806",0.0131292975,0.0139330764,0.0038167051,0.0390394052,0.0579372165,0.6367452466,0.2070277429,0.0283713098,"Nucleus - Chromatin"
"P67778",0.0206094686,0.0270491538,0.0178692403,0.1105979127,0.4545520957,0.2658567884,0.1015130237,0.0019523168,"Mitochondrion"
"P84099",0.0671823624,0.0884188797,0.0220441985,0.162009573,0.1623226965,0.1601587323,0.2108017102,0.1270618475,"60S Ribosome"
"Q501J6",0.0598630362,0.0614755266,0.020573341,0.0964902989,0.0880660396,0.130594924,0.3306862815,0.2122505522,"Nucleus - Nucleolus"
"Q61391",0.287254401,0.3235836277,0.052451074,0.1594733144,0.0731767464,0.0452811578,0.0304710324,0.0283086464,"Plasma membrane"
"Q7TMK9",0.0854103267,0.069248627,0.0200383315,0.0802633542,0.0872863293,0.1474171804,0.3005656572,0.2097701937,"unknown"
"Q8BH95",0.0760033792,0.0807703593,0.0376415916,0.1212983764,0.3470024621,0.2199651553,0.0746986303,0.0426200457,"Mitochondrion"
"Q8BSY0",0.0870220468,0.1224505822,0.0400888157,0.2447899152,0.2026792424,0.2197103611,0.0551718249,0.0280872116,"unknown"
"Q8VDD5",0.0676969076,0.0667376273,0.0722608783,0.0977642964,0.1360108934,0.2633829794,0.1015364482,0.1946099692,"unknown"
"Q8VDJ3",0.0920526642,0.090944543,0.0328796072,0.1549463716,0.1890613484,0.1908217248,0.1837120055,0.0655817352,"unknown"
"Q99LF4",0.0908748774,0.0961959641,0.026013185,0.1148679931,0.1057175254,0.137882873,0.2417195364,0.1867280457,"unknown"
"Q9CW03",0.0619984605,0.0713583645,0.0200102505,0.0845201155,0.0871850305,0.3476277355,0.176891032,0.1504090111,"Nucleus - Chromatin"
"Q9CZW5",0.0507229388,0.0570203147,0.0329162314,0.1309445967,0.344927193,0.2539137111,0.1096019743,0.01995304,"Mitochondrion"
"Q9D0R2",0.0776744151,0.0993632818,0.0474097239,0.0822554281,0.0546940019,0.0682920273,0.0546435162,0.5156676057,"unknown"
"Q9DBG6",0.0788825006,0.1005062334,0.0302597512,0.2099245606,0.242182328,0.2185608464,0.0679403876,0.0517433923,"Endoplasmic reticulum"
"Q9JKF1",0.1944914598,0.2021231885,0.0867555562,0.1557921655,0.091796336,0.0592101981,0.046824497,0.1630065988,"Plasma membrane"
"Q9Z0U1",0.238832519,0.1877097914,0.0710582231,0.1577622002,0.1133392519,0.0962486144,0.0816265655,0.0534228345,"unknown"
"E9Q7L0",0.0540443694,0.0693764966,0.020902206,0.1071960374,0.3878736275,0.2473648733,0.0788650478,0.0343773419,"unknown"
"Q5CZY9",0.0660547047,0.0638131593,0.0197000296,0.1224650647,0.1279656022,0.1383265963,0.2938490149,0.1678258284,"unknown"
"A2AQ25",0.1889551851,0.1765879981,0.0616455245,0.164647465,0.1355570206,0.1325740858,0.0933900317,0.0466426892,"unknown"
"O35435",0.0657000782,0.0953518178,0.0248077058,0.1326471827,0.300714891,0.2357306432,0.077154728,0.0678929532,"Mitochondrion"
"O54734",0.1031211454,0.1165356633,0.0532223292,0.2456933097,0.206434069,0.1976483484,0.0585531262,0.0187920088,"Endoplasmic reticulum"
"O88307",0.1173560008,0.2263823668,0.1094025081,0.2433549785,0.0983115677,0.0626738042,0.0423393074,0.1001794665,"unknown"
"P08003",0.1161086496,0.1226704025,0.0867599777,0.2224014805,0.1990157797,0.1551173008,0.0749121474,0.0230142617,"Endoplasmic reticulum"
"P11983",0.1021725871,0.1022897531,0.0170848224,0.0888361674,0.0718585846,0.1672218962,0.0874263522,0.3631098371,"unknown"
"P14869",0.0788435269,0.0633197541,0.0219211902,0.1173654156,0.1456338496,0.1503330777,0.3395004516,0.0830827342,"60S Ribosome"
"P17426",0.2044963706,0.1527886701,0.0328882649,0.1978766997,0.1734076718,0.1427493221,0.0529047109,0.04288829,"unknown"
"P17751",0.0403229161,0.0586610652,0.0090099393,0.0354802836,0.02602727,0.0210934752,0.0145191511,0.7948858995,"unknown"
"P21995",0.3091145117,0.2503255585,0.0315164374,0.1912746539,0.1184975279,0.0785426482,0.0156772303,0.0050514321,"Plasma membrane"
"P32507",0.2956574985,0.2850604877,0.0499770287,0.1965654667,0.0796671466,0.0529459518,0.0141272949,0.0259991252,"unknown"
"P35700",0.1131463367,0.0939221605,0.014234754,0.0893720079,0.0769411408,0.2696222785,0.2029500604,0.1398112612,"unknown"
"P47877",0.128383278,0.1694635613,0.0581979847,0.2559903731,0.1913875691,0.1340706945,0.0424557098,0.0200508294,"unknown"
"P50247",0.0459508968,0.0427488344,0.0195163971,0.0341309653,0.0271099309,0.0229852704,0.017111304,0.7904464011,"Cytosol"
"P51881",0.015629618,0.0209187977,0.009305849,0.1158331675,0.4968856193,0.2727356764,0.0680217769,0.0006694951,"Mitochondrion"
"P62245",0.070481699,0.0792972877,0.0157628526,0.1355803393,0.1289186948,0.151851715,0.2158571606,0.2022502509,"40S Ribosome"
"P62301",0.1072567648,0.0692948688,0.0276458333,0.0973106734,0.1076093389,0.099277625,0.3550969234,0.1365079723,"40S Ribosome"
"P62814",0.1759773696,0.1972568751,0.0787118461,0.1688574407,0.0752522734,0.0439950345,0.0375382644,0.2224108962,"unknown"
"P80313",0.0950565868,0.0836951943,0.0396525505,0.09361031,0.0702504575,0.1092364258,0.2265023396,0.2819961355,"unknown"
"P80317",0.0840312218,0.0759473789,0.0209223646,0.0731988503,0.0648122584,0.148147775,0.1806486757,0.3522914753,"unknown"
"Q05793",0.1370632137,0.1522122237,0.0799899295,0.2027760411,0.1860695156,0.1353295958,0.0768386664,0.0297208142,"unknown"
"Q3U9G9",0.0490035232,0.0688070717,0.0220334322,0.1096079446,0.0920937325,0.4702825049,0.1711916733,0.0169801175,"unknown"
"Q3UM18",0.1017805325,0.1717978957,0.0377298589,0.2889362627,0.1862219354,0.161259289,0.0347983132,0.0174759125,"unknown"
"Q5U458",0.0684173058,0.0823844587,0.0222801648,0.1363342448,0.3706020142,0.2382273246,0.0706452353,0.0111092518,"unknown"
"Q60597",0.0562592955,0.0555062073,0.0217123937,0.0998117208,0.2897088721,0.2606216039,0.0996727364,0.1167071703,"Mitochondrion"
"Q60864",0.028838201,0.0354003101,0.0079771933,0.0360960199,0.0219366568,0.0175601999,0.016078622,0.836112797,"unknown"
"Q60932",0.0433886806,0.0520334384,0.0065465596,0.1379069973,0.3977897623,0.2610345031,0.0972880815,0.0040119771,"unknown"
"Q76MZ3",0.103478605,0.1109098066,0.0224324035,0.0965813498,0.0617975469,0.0679456697,0.0321709745,0.504683644,"unknown"
"Q791V5",0.0492219468,0.0528543917,0.0207760458,0.1384228764,0.3851119855,0.2696280376,0.0795533416,0.0044313747,"Mitochondrion"
"Q8BWT1",0.0318304834,0.0348770797,0.0190035851,0.1032809139,0.426447602,0.2703630885,0.0980171295,0.016180118,"Mitochondrion"
"Q8C129",0.1492030828,0.285097658,0.0998010118,0.2743208942,0.0930988568,0.0522372659,0.0278028752,0.0184383553,"unknown"
"Q8CAQ8",0.0448482651,0.0556372735,0.0210881704,0.1291846113,0.3986547328,0.2498102893,0.0720514279,0.0287252297,"unknown"
"Q8K0D5",0.0311441968,0.0338872391,0.0213074563,0.1091004125,0.4335367731,0.2497034441,0.106194763,0.0151257151,"Mitochondrion"
"Q8VEM8",0.0276747516,0.0309326606,0.0150559258,0.117951263,0.45593203,0.2721465236,0.0739665293,0.0063403161,"Mitochondrion"
"Q922Q8",0.0680980474,0.1061272348,0.0241653801,0.265817463,0.2608762854,0.2317167985,0.041614451,0.0015843399,"unknown"
"Q99JR1",0.0480283202,0.0576149248,0.022498449,0.142499677,0.378730718,0.2649284211,0.0519938086,0.0337056814,"Mitochondrion"
"Q99LC5",0.0200171828,0.0277349966,0.0121768993,0.1058624127,0.4577702357,0.2984149601,0.0716468567,0.0063764561,"Mitochondrion"
"Q99PV0",0.1588596841,0.1013421417,0.0375144241,0.0775801819,0.082980191,0.1493629281,0.2715229912,0.1208374579,"unknown"
"Q9CZX8",0.0533644549,0.0511820655,0.0176025937,0.1279741424,0.1248042693,0.1475792405,0.2929836744,0.1845095592,"40S Ribosome"
"Q9D8N0",0.0531182761,0.0514093998,0.0290547692,0.0798051069,0.0724700579,0.3109570003,0.1496096552,0.2535757347,"unknown"
"Q9DBJ1",0.0538311564,0.0571233933,0.0176444542,0.0338976825,0.0193850859,0.0046580231,0.0036573463,0.8098028582,"Cytosol"
"Q9DCW4",0.0289683277,0.0402526318,0.0117872553,0.1428062261,0.4001501247,0.2764919913,0.0543818161,0.045161627,"Mitochondrion"
"Q9JLF6",0.3699584819,0.2257053223,0.0329868436,0.1549241259,0.1110838319,0.072833816,0.0237628671,0.0087447113,"Plasma membrane"
"Q9WV54",0.1503533117,0.2150689096,0.0486681321,0.3414267112,0.1521789366,0.0505840226,0.0233644521,0.018355524,"Lysosome"
"Q9Z1G4",0.140584427,0.2969278795,0.0614521875,0.2851696597,0.1150255049,0.0632770198,0.0149596803,0.0226036413,"unknown"
"O08749",0.0414832851,0.0399290759,0.0297209042,0.1066628623,0.4049692631,0.244722134,0.1162395228,0.0162729527,"Mitochondrion"
"O08756",0.051018253,0.0543724763,0.0254662618,0.1279028393,0.3983129918,0.2420330078,0.0817113391,0.0191828308,"Mitochondrion"
"O08795",0.1133474778,0.1507983951,0.0488563978,0.2646651893,0.2145881069,0.1597732542,0.0382804838,0.009690695,"unknown"
"O08810",0.0524228028,0.0603690907,0.0197919589,0.060160936,0.059096708,0.1745179601,0.3333227596,0.2403177839,"unknown"
"O35685",0.0442351294,0.0555796939,0.023649723,0.0578725595,0.0496234437,0.050045625,0.0369086287,0.6820851966,"unknown"
"O55022",0.1449884025,0.1537134749,0.0508604274,0.2654433493,0.1843598997,0.147166606,0.0464699967,0.0069978434,"unknown"
"O55143",0.1899812245,0.1855986869,0.0541213849,0.2189925565,0.157572606,0.1272626433,0.0443590741,0.0221118238,"Endoplasmic reticulum"
"P00761",0.1266065731,0.149289006,0.0201828229,0.1666147965,0.1559788774,0.1698386032,0.0464869962,0.1650023246,"unknown"
"P06745",0.1264467004,0.0603694147,0.2499563111,0.0416872634,0.0251151228,0.0074660386,0.0276041635,0.4613549855,"unknown"
"P08752",0.4478254737,0.2782744476,0.0532787586,0.1226663049,0.0611125836,0.0256938458,0.0081965759,0.0029520099,"unknown"
"P11103",0.0298051728,0.0366813041,0.0191807089,0.0580682441,0.1182882474,0.5049197524,0.1808421416,0.0522144286,"unknown"
"P11260",0.086768626,0.0937170898,0.0253739079,0.1118060305,0.1390498937,0.2457097219,0.198350971,0.0992237591,"unknown"
"P16460",0.1109639796,0.122930878,0.02338893,0.1110764978,0.0911360256,0.196642119,0.1775342029,0.1663273671,"unknown"
"P19253",0.0767277922,0.0581261005,0.0645826729,0.1108618144,0.105490315,0.1002852771,0.3806524873,0.1032735407,"60S Ribosome"
"P26041",0.229777166,0.2797339552,0.0454665868,0.1961341679,0.0993937972,0.0615183112,0.0347433428,0.0532326729,"Plasma membrane"
"P30416",0.0590639732,0.0651268571,0.016355697,0.0513426705,0.0321339527,0.0447916395,0.0202469375,0.7109382726,"unknown"
"P35293",0.2260613599,0.2210569178,0.1094850329,0.2134196958,0.109525606,0.0716443832,0.027158296,0.0216487084,"unknown"
"P35979",0.0488078388,0.0711370301,0.0242365533,0.1628573234,0.1609956324,0.1588983948,0.2287988464,0.1442683808,"60S Ribosome"
"P35980",0.0902067334,0.0835906145,0.0350793301,0.1334082486,0.128113306,0.1239492474,0.3038970729,0.1017554471,"60S Ribosome"
"P40142",0.0367952836,0.0351634458,0.0300857816,0.0369075357,0.0334000908,0.0778369435,0.0743884834,0.6754224355,"unknown"
"P45952",0.0302985589,0.0315664552,0.0111779204,0.1069633524,0.4338202449,0.31142731,0.0592967241,0.0154494341,"Mitochondrion"
"P47963",0.0922961582,0.0784995569,0.0502413475,0.1152605388,0.1117563048,0.1088713414,0.3581607888,0.0849139636,"60S Ribosome"
"P49718",0.0624257865,0.0530136039,0.0150396963,0.0595816002,0.051179436,0.1033847138,0.1061815338,0.5491936294,"unknown"
"P50516",0.1376799509,0.1682825391,0.0915264087,0.1853529333,0.0769661226,0.0342336016,0.0354726928,0.2704857512,"unknown"
"P60122",0.0699641964,0.0704642866,0.0242289274,0.0679047574,0.062552334,0.3016820518,0.1479455223,0.255257924,"unknown"
"P62082",0.0745104885,0.0721452849,0.014617336,0.1328004608,0.1292115289,0.1452562801,0.258884349,0.1725742718,"40S Ribosome"
"P62259",0.1446630235,0.188994533,0.0259574668,0.1212018482,0.060967917,0.0303348204,0.0051622492,0.4227181419,"unknown"
"P62270",0.0546576955,0.0664304269,0.0155692738,0.1153354585,0.1236072352,0.1344834383,0.3052807861,0.1846356857,"40S Ribosome"
"P62717",0.0726215473,0.0771697355,0.0216958441,0.1814447638,0.1619742945,0.1434186126,0.231764483,0.109910719,"60S Ribosome"
"P70168",0.0963579006,0.1017271013,0.0256599212,0.0931876942,0.0639037085,0.0891686519,0.0455962939,0.4843987285,"unknown"
"P80315",0.0817432958,0.0785106821,0.0206263035,0.0762686036,0.0619264063,0.1274633173,0.1765091699,0.3769522215,"unknown"
"P97461",0.1190546404,0.0867244153,0.0238797395,0.1108159094,0.100908121,0.1035818441,0.2981983682,0.1568369622,"40S Ribosome"
"P97807",0.0503462301,0.0647871649,0.0122033334,0.1467702923,0.3670368251,0.2657662427,0.046139255,0.0469506565,"unknown"
"Q02257",0.1769557706,0.1723543397,0.0518422838,0.207707451,0.1381855193,0.1021098639,0.0894044721,0.0614402996,"Plasma membrane"
"Q08943",0.0430309567,0.0445648014,0.0133177218,0.053394907,0.0550226663,0.4359845268,0.1402947122,0.2143897077,"unknown"
"Q11011",0.0769209119,0.0852299296,0.0283549929,0.0787888328,0.1430939058,0.1472374669,0.0555383575,0.3848356026,"unknown"
"Q1HFZ0",0.074345905,0.0654642239,0.0269790722,0.0689080564,0.0754470425,0.1107210902,0.087758964,0.4903756457,"unknown"
"Q3V1T4",0.127450319,0.13246553,0.0466821382,0.1709508191,0.2013494045,0.1946494815,0.0757813379,0.0506709698,"unknown"
"Q5XJY5",0.0611529399,0.0909231086,0.0448948735,0.2119854025,0.1612158235,0.1944143214,0.0918084158,0.143605115,"unknown"
"Q60930",0.0576631907,0.0535775014,0.017913894,0.1399386078,0.3869931014,0.2640592449,0.0735642507,0.0062902092,"Mitochondrion"
"Q61024",0.0556677961,0.0758024807,0.012338621,0.057275359,0.0346773354,0.0295188579,0.013326544,0.721393006,"unknown"
"Q61235",0.3175542909,0.2014329285,0.0374817047,0.1614612963,0.1253350588,0.110102858,0.0375120826,0.0091197802,"unknown"
"Q61553",0.1855624086,0.2406731826,0.0667579044,0.1948498563,0.0929481659,0.0520492786,0.0184795981,0.1486796056,"unknown"
"Q61598",0.1288835194,0.1378661064,0.0334949124,0.0821477868,0.0406609169,0.0292128057,0.0162848183,0.5314491342,"unknown"
"Q61753",0.0934686236,0.095966476,0.0274524671,0.0703321197,0.0411819036,0.0429935591,0.0273309537,0.6012738972,"unknown"
"Q64433",0.0238223489,0.0222281867,0.0547463382,0.0729345171,0.3279820808,0.207454284,0.2729586083,0.017873636,"Mitochondrion"
"Q68FH0",0.317745413,0.1694031614,0.0462072716,0.1540464846,0.1256749855,0.0926492466,0.0533537805,0.0409196567,"unknown"
"Q6P5F9",0.0704191671,0.0709549285,0.0267141975,0.0894771292,0.0890197892,0.1406233353,0.1723967939,0.3403946592,"unknown"
"Q6PDQ2",0.0443312394,0.0532256013,0.0210712468,0.0611148703,0.0724801094,0.5480655119,0.1144275347,0.0852838861,"Nucleus - Chromatin"
"Q8BHC4",0.0811381934,0.0939181533,0.0301294377,0.2012541077,0.2947174112,0.225935702,0.0531005203,0.0198064746,"unknown"
"Q8BKG3",0.2655767227,0.2392903738,0.036220121,0.1880362863,0.1112008136,0.1009137461,0.0334105422,0.0253513945,"Plasma membrane"
"Q8BLN5",0.1341158281,0.171606906,0.0460901387,0.2319666835,0.1552184446,0.156455332,0.0477357311,0.0568109359,"unknown"
"Q8R3B1",0.2812491656,0.224838451,0.0354347927,0.1708073352,0.1143200653,0.0747263219,0.0316535602,0.0669703081,"unknown"
"Q8VDF2",0.17789726,0.1496595822,0.0200761688,0.0818011579,0.1113414826,0.0924377725,0.2327862228,0.1340003533,"unknown"
"Q8VIJ6",0.0297076367,0.0344438148,0.0120475275,0.0570046294,0.062848605,0.1424452106,0.5217692553,0.1397333205,"unknown"
"Q91V92",0.0743450952,0.0836719755,0.0238459621,0.0885682614,0.0879058706,0.0991781173,0.1210622079,0.4214225099,"Cytosol"
"Q99PL5",0.0944326169,0.108938594,0.0360206618,0.2255616158,0.2367786569,0.1846259736,0.0645175236,0.0491243576,"Endoplasmic reticulum"
"Q9CPR4",0.0648319979,0.0810571979,0.0213901274,0.1743730061,0.1637159536,0.1766980354,0.2082268262,0.1097068554,"60S Ribosome"
"Q9CR57",0.1220914818,0.0993843328,0.0398415687,0.1438391209,0.1239280393,0.1113943473,0.2616886582,0.097832451,"unknown"
"Q9CWJ9",0.0722334019,0.072491575,0.0216776482,0.0624788089,0.0457753784,0.0603080003,0.0483952148,0.6166399725,"unknown"
"Q9CZU6",0.0308856047,0.0291249919,0.0197272702,0.0963024311,0.4866835413,0.2238977786,0.1034215922,0.0099567899,"Mitochondrion"
"Q9D051",0.0111665727,0.0175285686,9.9413850268414e-05,0.1026058016,0.5105523895,0.2663758906,0.0913573618,0.0003140013,"Mitochondrion"
"Q9D0E1",0.0768325035,0.0922736157,0.0229456977,0.11264276,0.0944121413,0.2118115415,0.2558731474,0.133208593,"unknown"
"Q9DB05",0.1388077446,0.2011064783,0.0979611968,0.25268243,0.1285551104,0.0708049626,0.0385597894,0.0715222878,"unknown"
"Q9DBG3",0.1675395512,0.1576944056,0.0591021549,0.2295414551,0.1558000492,0.1198770659,0.0726467354,0.0377985828,"unknown"
"Q9DC61",0.0209011486,0.0264830539,0.0090357528,0.1266733321,0.474392416,0.2813829504,0.0526961955,0.0084351507,"Mitochondrion"
"Q9DCN2",0.0555924945,0.1017066912,0.0192981483,0.2447605064,0.2855993611,0.2522913994,0.0368345052,0.0039168939,"unknown"
"Q9JHS4",0.0482937926,0.0495008518,0.0241023917,0.1165879051,0.4026776723,0.2467588569,0.0871623516,0.024916178,"unknown"
"Q9QXT0",0.1046053195,0.1394038651,0.0680408369,0.2372950637,0.1889430944,0.1744984094,0.055794615,0.0314187959,"Endoplasmic reticulum"
"Q9WTM5",0.0469245694,0.0632734431,0.0166802438,0.0716515164,0.0731738993,0.3586052472,0.1271162088,0.242574872,"unknown"
"Q9WUA3",0.0855501453,0.0744114388,0.0339908453,0.0793236595,0.0940239041,0.150087466,0.1849588709,0.29765367,"unknown"
"Q9Z0X1",0.0396909795,0.0546712817,0.0205813444,0.135550224,0.3995248068,0.2766236858,0.0508291142,0.0225285636,"Mitochondrion"
"Q3U944",0.0947441638,0.1246840275,0.0489349519,0.3156354839,0.2092676352,0.1615377632,0.0408761892,0.0043197855,"unknown"
"Q3UJN1",0.0446049311,0.0517728617,0.0156126921,0.0485024752,0.0458208428,0.1225001557,0.0659739153,0.605212126,"unknown"
"A2TJV2",0.3371058535,0.2088348363,0.1199411862,0.1422297456,0.0916802404,0.0523146783,0.0261707658,0.0217226938,"Plasma membrane"
"O08547",0.0839173502,0.1405048556,0.021234138,0.2499175386,0.1857317748,0.2790558024,0.0292967354,0.0103418051,"unknown"
"O08917",0.2525271378,0.1681419085,0.0477960372,0.1608037891,0.1394746213,0.1214713788,0.0552610515,0.0545240759,"unknown"
"O35855",0.0641669242,0.0911344633,0.0420712063,0.1209760211,0.3126521958,0.2269012923,0.0961628886,0.0459350084,"Mitochondrion"
"O35857",0.0370955518,0.0374599681,0.0166755466,0.101523875,0.4286679723,0.2631856907,0.0879772561,0.0274141395,"Mitochondrion"
"O70503",0.1224771746,0.135709088,0.0611655948,0.2551833947,0.1966093982,0.1665329904,0.0482698985,0.0140524608,"Endoplasmic reticulum"
"P08103",0.2450239277,0.2118944874,0.0781529571,0.1753736063,0.1136408981,0.0829376559,0.0529778877,0.0399985797,"unknown"
"P10126",0.0180824829,0.027213583,0.012986735,0.0934962539,0.1102055127,0.3028375189,0.2631171669,0.1720607468,"unknown"
"P12382",0.0897580818,0.0859159235,0.0389839046,0.080084325,0.0704372293,0.1075443142,0.1747074756,0.3525687459,"unknown"
"P14115",0.0756213168,0.0779655347,0.0203712401,0.1676478091,0.1937581827,0.1706013861,0.1906803254,0.1033542053,"60S Ribosome"
"P14152",0.0562404643,0.0684906835,0.0284909427,0.0610843143,0.059939465,0.0613404407,0.0358904083,0.6285232812,"unknown"
"P14602",0.0853376966,0.0847937626,0.0199333832,0.0654680671,0.0353975823,0.0280215456,0.0346313549,0.6464166076,"unknown"
"P14824",0.0732317121,0.0838017855,0.0237207957,0.0759793672,0.051695457,0.0448797533,0.043353249,0.6033378802,"unknown"
"P17427",0.180406525,0.152048006,0.0623608793,0.192838195,0.1525829234,0.1235045314,0.0877474958,0.0485114441,"unknown"
"P18242",0.0762272644,0.1626847707,0.0633773795,0.4269040214,0.2048938287,0.0414258371,0.0188097153,0.0056771829,"unknown"
"P19096",0.10174273,0.1015080742,0.0225788819,0.0706926737,0.0495433797,0.0462209664,0.0389367754,0.5687765186,"Cytosol"
"P19783",0.0323029694,0.0270915044,0.0193833257,0.1033485727,0.4446470135,0.2628923503,0.1036230024,0.0067112617,"Mitochondrion"
"P24369",0.0987147261,0.1250695134,0.0298642501,0.2921658884,0.2243597727,0.1866933985,0.0352929368,0.0078395141,"Endoplasmic reticulum"
"P24547",0.0380181092,0.034748373,0.0151459522,0.0409436175,0.044722686,0.0480187849,0.0762555048,0.7021469722,"Cytosol"
"P24668",0.0356484017,0.1787224442,0.0517950387,0.4809141628,0.1679218317,0.0578900243,0.0174317325,0.0096763641,"Lysosome"
"P26040",0.2764736521,0.2967872483,0.0340443567,0.1685522429,0.0801652428,0.0647961265,0.0254467267,0.053734404,"Plasma membrane"
"P32037",0.2491047546,0.2758381702,0.0401324056,0.2116666168,0.1200748046,0.0877460493,0.0139344526,0.0015027462,"unknown"
"P39061",0.1017968173,0.122566605,0.0477933692,0.2196066558,0.2062133725,0.146253189,0.0681932584,0.0875767328,"unknown"
"P39447",0.2249695461,0.1607136073,0.0440015387,0.1625772955,0.1346554926,0.140985096,0.0729458832,0.0591515406,"unknown"
"P53996",0.0688769538,0.0599843328,0.028774928,0.0834542261,0.1073892697,0.2302984396,0.2498516675,0.1713701824,"unknown"
"P57776",0.0531107285,0.0646908129,0.0228918593,0.0923093569,0.080593033,0.2084686694,0.0595110423,0.4184244976,"unknown"
"P61255",0.0574647669,0.0684457023,0.0189783623,0.1512111637,0.1560753276,0.1523177944,0.2699989198,0.125507963,"60S Ribosome"
"P61358",0.1015471138,0.0989729465,0.0196038735,0.1682618891,0.1463459989,0.1467727662,0.2024743821,0.1160210298,"60S Ribosome"
"P62192",0.034294092,0.0554017436,0.0143407774,0.0579609073,0.0400308564,0.0546852632,0.0413296901,0.7019566702,"Proteasome"
"P62242",0.0410132716,0.0513468077,0.017574214,0.1083775775,0.129975439,0.1193260733,0.3536938264,0.1786927904,"40S Ribosome"
"P62267",0.1058798113,0.0721600409,0.0376697527,0.1172441158,0.1174788173,0.1115758843,0.3217480936,0.1162434841,"40S Ribosome"
"P62281",0.0805874269,0.059989727,0.0279148566,0.1017466873,0.1126022709,0.1075894899,0.3713946899,0.1381748515,"40S Ribosome"
"P62830",0.072847263,0.0607601788,0.0382201413,0.1055705153,0.1065703512,0.1199242615,0.3871410441,0.1089662449,"60S Ribosome"
"P62874",0.2956084579,0.2107104323,0.0553907058,0.1845616325,0.1263726735,0.0804514688,0.03199706,0.0149075693,"unknown"
"P62918",0.0947522553,0.0900933578,0.027624649,0.1476248978,0.1479462216,0.1385877446,0.2571671838,0.09620369,"60S Ribosome"
"P70404",0.0369171382,0.0374393224,0.0132075612,0.1064319094,0.3799514488,0.3074498325,0.091504913,0.0270978745,"Mitochondrion"
"P84091",0.2605335983,0.1542074261,0.0411047755,0.1651952768,0.1482079976,0.1194342209,0.0559393799,0.0553773248,"unknown"
"P97311",0.023752812,0.0368310966,0.0111896242,0.0337555058,0.034794886,0.0964341459,0.0462704455,0.716971484,"unknown"
"Q01320",0.0374634632,0.044891864,0.0161344966,0.0528148433,0.0677791476,0.591261044,0.1414856116,0.0481695297,"unknown"
"Q02819",0.1004218111,0.1306071835,0.057255804,0.2268889153,0.1583682348,0.1414009002,0.0466799476,0.1383772035,"unknown"
"Q03173",0.1454350379,0.1781001167,0.035916621,0.1902028892,0.114694469,0.0723082246,0.0380055425,0.2253370991,"unknown"
"Q3TJ91",0.1075733653,0.1316123075,0.0356121013,0.1377943478,0.0969187179,0.3786124132,0.0805472862,0.0313294609,"unknown"
"Q3U0V1",0.109055426,0.1257653383,0.0392477133,0.1197412746,0.1002125279,0.1224090822,0.2212541519,0.1623144858,"unknown"
"Q3UJB9",0.0854638627,0.0951060517,0.0397662444,0.1276225633,0.1251357283,0.234898785,0.2169979048,0.0750088597,"unknown"
"Q5NBX1",0.1872048412,0.1525580719,0.0779797053,0.1391087607,0.141098768,0.1255963212,0.0827426142,0.0937109175,"unknown"
"Q60605",0.0665490863,0.0891167351,0.0218982197,0.1371491762,0.1628140101,0.295616678,0.0878744004,0.1389816942,"unknown"
"Q61595",0.1542699318,0.1244695169,0.078872296,0.1752996043,0.1629100184,0.1355616351,0.0953297605,0.0732872369,"unknown"
"Q62470",0.2906639216,0.2349909783,0.047657427,0.1971923492,0.1091574365,0.068214382,0.0306083636,0.0215151417,"Plasma membrane"
