SYMBOL,FS1.A.A431,FS1.B.A431,FS2.A.A431,FS2.B.A431,FP1.A.A431,FP1.B.A431,FP2.A.A431,FP2.B.A431,FP3.A.A431,FP3.B.A431,markers
A2M,0.15053871,0.12339471,0.085534874,0.081148471,0.080164448,0.075669635,0.115822743,0.099769839,0.094866406,0.093090163,unknown
AAAS,0.040182463,0.038482876,0.037619874,0.030117034,0.175233583,0.1765457,0.124228361,0.125337936,0.124219555,0.128032618,Plasma Membrane
AACS,0.286086122,0.297221454,0.097419922,0.085373591,0.045110703,0.045671943,0.039449497,0.036098323,0.035049048,0.032519399,Cytosol_4
AADAT,0.120340769,0.100918005,0.14914897,0.128350985,0.087371185,0.089130396,0.12112661,0.10834777,0.048204176,0.047061135,unknown
AAED1,0.083200652,0.079864665,0.071714242,0.075372455,0.095558967,0.098913909,0.117489291,0.119640623,0.139087911,0.119157284,unknown
AAGAB,0.274539307,0.271424873,0.085877461,0.072813021,0.053487356,0.056318659,0.0519989,0.053374104,0.039549257,0.040617062,unknown
AAK1,0.300548778,0.271712267,0.0787082,0.072178136,0.044865569,0.047115954,0.054190848,0.048876782,0.04316791,0.038635556,Cytosol_3
AAMDC,0.237005935,0.256401147,0.094432557,0.086487141,0.05551294,0.055214179,0.060301183,0.060826033,0.04929549,0.044523396,unknown
AAMP,0.243710843,0.273534395,0.096798683,0.099371883,0.049578059,0.046413502,0.052662703,0.047907876,0.046789093,0.043232963,unknown
AAR2,0.110878624,0.115409167,0.130312971,0.135535065,0.070254455,0.070653427,0.074944587,0.076708928,0.111481514,0.103821261,unknown
AARS,0.289783812,0.307334211,0.081090298,0.084119784,0.04504576,0.044966454,0.040176376,0.03928022,0.035069075,0.033134011,Cytosol_4
AARS2,0.045654873,0.043531831,0.088798112,0.099204807,0.139438342,0.130320636,0.172468699,0.157607408,0.062876153,0.060099138,unknown
AARSD1,0.372588018,0.409469975,0.07086779,0.071377229,0.016511393,0.017481419,0.014320109,0.013754841,0.006497086,0.00713214,unknown
AASDH,0.106404419,0.114400612,0.13335075,0.144575278,0.082882362,0.087239681,0.098557513,0.087118385,0.078170486,0.067300515,unknown
AASDHPPT,0.200631219,0.221864726,0.147977031,0.114952001,0.066006225,0.06142112,0.046473502,0.048752904,0.046219261,0.045702012,Cytosol_5
AASS,0.061991047,0.061023164,0.092656187,0.096778997,0.105117682,0.109501075,0.155494132,0.14351658,0.080753087,0.093168049,unknown
AATF,0.051136313,0.051518193,0.050736672,0.053765064,0.189474339,0.188541842,0.08959956,0.098151881,0.10735251,0.119723626,Nucleus (Nucleolus)
ABAT,0.064223681,0.06377736,0.103081472,0.095754375,0.121650271,0.11462072,0.15562643,0.133580049,0.075948896,0.071736745,unknown
ABCA2,0.059603843,0.064407116,0.035046771,0.045058847,0.098660851,0.088639764,0.135014329,0.130941009,0.166023827,0.176603644,"Golgi, Endo/Lyosome"
ABCA3,0.033419383,0.036998469,0.040288777,0.04277401,0.079431197,0.082432728,0.155213301,0.144974841,0.187258806,0.197208488,unknown
ABCA5,0.063107348,0.058952672,0.052847484,0.051876602,0.087073271,0.085428894,0.146445784,0.139588381,0.157204209,0.157475356,unknown
ABCA7,0.050665867,0.055828649,0.058767463,0.063568409,0.103820459,0.101269956,0.175110978,0.164361801,0.115822824,0.110783596,unknown
ABCB10,0.045938294,0.045100735,0.04231494,0.038154457,0.160265106,0.157178883,0.154456816,0.161849185,0.091749133,0.102992453,Mitochondria membrane
ABCB7,0.037734452,0.038234368,0.035975486,0.037419689,0.126867744,0.129515451,0.214797534,0.205984188,0.084041549,0.08942954,Mitochondria membrane
ABCB8,0.054592188,0.055411723,0.043351525,0.044059305,0.130231519,0.118469333,0.180791224,0.186863231,0.093575965,0.092653989,Mitochondria membrane
ABCB9,0.041740109,0.043521193,0.057456096,0.050968522,0.085528926,0.07830308,0.159780733,0.152047323,0.172672825,0.157981192,unknown
ABCC1,0.037534874,0.03957652,0.030661641,0.031724036,0.165659701,0.164310921,0.181651054,0.173133418,0.085961606,0.089786228,Plasma Membrane
ABCC10,0.05623409,0.063604533,0.040656907,0.044093996,0.085265547,0.076911766,0.144118809,0.138485291,0.165862535,0.184766526,"Golgi, Endo/Lyosome"
ABCC3,0.056299746,0.070943523,0.048402376,0.054351964,0.136504086,0.136442111,0.140868888,0.146845036,0.103931863,0.105410406,Plasma Membrane
ABCC4,0.056843267,0.05098418,0.038686534,0.042163355,0.135274099,0.13263429,0.17924025,0.173491538,0.094260486,0.096422001,Plasma Membrane
ABCC5,0.044647406,0.045462545,0.041312745,0.045073501,0.128829071,0.119269709,0.168613429,0.161999685,0.120881462,0.123910446,Plasma Membrane
ABCD1,0.038855325,0.042327744,0.045150848,0.04087855,0.097274763,0.097274763,0.186324883,0.174430203,0.137306382,0.140176538,"ER, Mitochondrion"
ABCD3,0.043072669,0.043224199,0.035922303,0.037342905,0.092812698,0.092017161,0.19662086,0.191175217,0.133801816,0.134010172,"ER, peroxisome"
ABCD4,0.053490513,0.036134026,0.039172752,0.038439882,0.090160784,0.092582828,0.141408003,0.141220317,0.178936267,0.188454629,"Golgi, Endo/Lyosome"
ABCE1,0.234811565,0.24225186,0.115532701,0.088381692,0.061664268,0.058733242,0.048058412,0.048223174,0.050781318,0.051561768,unknown
ABCF1,0.237028603,0.229355906,0.092897392,0.089943816,0.058617759,0.068212756,0.058758013,0.057578233,0.057297725,0.050309795,unknown
ABCF2,0.164070432,0.163306749,0.12692765,0.140040441,0.065772231,0.069720822,0.069278232,0.065581311,0.069217485,0.066084647,unknown
ABCF3,0.259366612,0.266680431,0.089004654,0.083080539,0.05577085,0.055945555,0.05563585,0.050918794,0.042072328,0.041524387,unknown
ABCG2,0.039677877,0.044630833,0.043564321,0.047143464,0.126426912,0.118292496,0.14436782,0.155683698,0.138059128,0.142153451,unknown
ABHD10,0.026709229,0.034513316,0.102043928,0.111058173,0.13579494,0.128229072,0.171003859,0.163542808,0.063042546,0.064062128,unknown
ABHD11,0.050532292,0.049074994,0.090910811,0.104603738,0.133248167,0.135509818,0.162611781,0.146751833,0.061301159,0.065455406,unknown
ABHD12,0.053068114,0.046933701,0.036071435,0.040536126,0.098350242,0.093885551,0.181291856,0.165647289,0.144621499,0.139594185,"ER, peroxisome"
ABHD13,0.045970071,0.045830052,0.026559902,0.030340422,0.079285902,0.082952656,0.115113328,0.117196114,0.203185438,0.253566115,"Golgi, Endo/Lyosome"
ABHD14B,0.190327861,0.189734939,0.128872781,0.128355018,0.078232258,0.077405508,0.049721911,0.052452692,0.052369181,0.052527851,Cytosol_3
ABHD16A,0.070650558,0.065390335,0.05760223,0.05802974,0.102490706,0.105204461,0.145669145,0.147862454,0.119488848,0.127611524,"ER, Mitochondrion"
ABHD17A,0.056110508,0.064359715,0.049777872,0.055297952,0.08874522,0.088992519,0.161283485,0.15088807,0.139971561,0.144573099,unknown
ABHD17B,0.115577457,0.099520971,0.032439777,0.039715507,0.08146065,0.082699072,0.121244958,0.123523999,0.146710011,0.157107597,unknown
ABHD17C,0.03339657,0.039754691,0.03625162,0.031367982,0.108050489,0.102979019,0.169800334,0.153853378,0.15544056,0.169105355,"Golgi, Endo/Lyosome"
ABHD2,0.064385793,0.054325231,0.041655043,0.042878868,0.087593474,0.089960136,0.181297075,0.16314667,0.133018978,0.141738731,"ER, peroxisome"
ABHD3,0.030147757,0.023397045,0.037603362,0.050038408,0.128091817,0.114671727,0.151769012,0.158962541,0.14383444,0.161483891,unknown
ABHD4,0.184926395,0.185484069,0.07804158,0.086103252,0.067134129,0.067084922,0.09654324,0.090277607,0.071037848,0.073366958,unknown
ABHD5,0.062473636,0.062772427,0.054028403,0.051892927,0.074891029,0.080365931,0.190795487,0.180170838,0.114586263,0.12802306,unknown
ABHD6,0.060145765,0.05489856,0.0487228,0.044080031,0.137662497,0.13878377,0.098987351,0.106818739,0.14336522,0.166535268,"ER, peroxisome"
ABHD8,0.267420675,0.198668654,0.077814321,0.080984943,0.050832485,0.041707088,0.083847968,0.07633943,0.059137622,0.063246812,unknown
ABI1,0.135123687,0.155743816,0.089325652,0.091333446,0.073322603,0.075237208,0.097992206,0.101135208,0.089698407,0.091087767,unknown
ABI2,0.163852081,0.188676895,0.079622065,0.088605493,0.065897845,0.06261001,0.101665504,0.090016937,0.078019661,0.081033509,unknown
ABI3BP,0.082130125,0.107932264,0.123814617,0.134197861,0.10355615,0.0957041,0.083921569,0.088092692,0.078377897,0.102272727,unknown
ABL1,0.19797248,0.17764697,0.09519617,0.103614822,0.069353256,0.070678104,0.077042404,0.074761653,0.07003245,0.063701691,Cytosol_2
ABL2,0.235995842,0.270554556,0.082317224,0.084874684,0.048344251,0.053417922,0.063078522,0.063293019,0.050225222,0.047898758,Cytosol_3
ABLIM1,0.090297232,0.093259704,0.094987067,0.096445928,0.111696843,0.111052438,0.136936034,0.128827273,0.069613626,0.066883855,unknown
ABLIM2,0.17701157,0.170229423,0.113013812,0.134703497,0.066362857,0.067640175,0.079984837,0.074323433,0.057273297,0.059457099,unknown
ABLIM3,0.052195277,0.054288184,0.08202375,0.084207653,0.152654807,0.14629419,0.140060967,0.140133764,0.074307293,0.073834114,unknown
ABO,0.05437192,0.056277136,0.056423691,0.058759412,0.080403759,0.079258798,0.140775276,0.127182296,0.157317676,0.189230036,unknown
ABR,0.233839911,0.241591784,0.081982691,0.084434138,0.055381175,0.059447596,0.065319475,0.064839124,0.055927782,0.057236324,Cytosol_1
ABRACL,0.386604775,0.371131742,0.069832687,0.067154662,0.023362579,0.021169149,0.019936408,0.015719581,0.011060668,0.014027749,Cytosol_4
ABT1,0.078051887,0.081908485,0.05538995,0.050852255,0.150964592,0.150310032,0.085057451,0.090745049,0.128399954,0.128320345,Nucleus (Nucleolus)
ABTB1,0.139119308,0.125822126,0.103952467,0.099693073,0.084087228,0.073904056,0.086386943,0.089035641,0.100910043,0.097089116,unknown
ABTB2,0.169627223,0.173943985,0.099210622,0.103892577,0.065125991,0.072673303,0.077018157,0.075744665,0.083909994,0.078853483,unknown
ACAA1,0.050374003,0.051799683,0.065106023,0.063319172,0.090083925,0.08635815,0.164247764,0.16736525,0.129499206,0.131846825,unknown
ACAA2,0.049775591,0.053831179,0.098028083,0.114412661,0.112411904,0.113673642,0.199039276,0.164062078,0.048820274,0.045945313,unknown
ACACA,0.198425666,0.206067569,0.097123649,0.086835163,0.06926219,0.065602927,0.064820015,0.066156072,0.072827844,0.072878904,unknown
ACAD10,0.060331067,0.052949529,0.081170463,0.068091824,0.184644284,0.182095581,0.101798203,0.11186073,0.076205343,0.080852978,unknown
ACAD11,0.044387674,0.044829108,0.044791539,0.047158381,0.106141578,0.109363113,0.142376797,0.16021264,0.148087273,0.152651896,unknown
ACAD8,0.051463896,0.057835255,0.096243553,0.098035498,0.137183328,0.131257585,0.1543348,0.142909967,0.065780492,0.064955628,unknown
ACAD9,0.041199662,0.040730311,0.070158641,0.074401577,0.132263212,0.131089834,0.191354548,0.182314841,0.067201727,0.069285647,Mitochondria matrix
ACADM,0.049323063,0.051490388,0.101094921,0.117983168,0.117542197,0.116847903,0.181576799,0.16400364,0.051481005,0.048656915,unknown
ACADS,0.047376611,0.042861809,0.110401337,0.115876736,0.157835584,0.149977906,0.134022401,0.120804595,0.064350349,0.056492671,unknown
ACADSB,0.037594552,0.035767104,0.098776364,0.102224022,0.126056199,0.121826694,0.20697256,0.170046817,0.049906273,0.050829416,unknown
ACADVL,0.046878072,0.045580545,0.085037156,0.083356269,0.157344788,0.144959305,0.145283687,0.143337396,0.072317462,0.07590532,unknown
ACAP2,0.221336191,0.24294982,0.097992308,0.090225689,0.061468431,0.059341956,0.061642868,0.059051226,0.053028982,0.052962529,Cytosol_3
ACAP3,0.230871542,0.232459534,0.072765525,0.083454246,0.058949184,0.059892307,0.075490101,0.058239827,0.061923647,0.065954085,unknown
ACAT1,0.035733142,0.03356464,0.097912581,0.116863403,0.115741439,0.114336627,0.213616307,0.178335722,0.048451878,0.04544426,unknown
ACAT2,0.17538475,0.180447709,0.146047569,0.135711787,0.07698496,0.072201819,0.057109129,0.055989857,0.049527807,0.050594614,Cytosol_5
ACBD3,0.099514788,0.099301813,0.136294609,0.130044262,0.078346945,0.081337852,0.106357761,0.096181269,0.085634387,0.086986314,unknown
ACBD4,0.038703114,0.030387591,0.021633426,0.029491642,0.099515628,0.103267413,0.178993738,0.187234599,0.16022548,0.150547369,"ER, peroxisome"
ACBD5,0.037089291,0.040213995,0.03440962,0.036511694,0.100123094,0.096326105,0.193693779,0.193494934,0.134778904,0.133358583,"ER, peroxisome"
ACBD6,0.204946875,0.233062703,0.134614394,0.106996344,0.055279013,0.061518392,0.058540311,0.055845449,0.045048834,0.044147685,Cytosol_5
ACBD7,0.269319842,0.288049053,0.103515807,0.113797445,0.042097983,0.042338898,0.039875346,0.039665516,0.031660916,0.029679194,unknown
ACCS,0.403032314,0.30846758,0.078323841,0.07781335,0.019354886,0.02766859,0.026713243,0.022271975,0.022578269,0.013775953,unknown
ACD,0.154201677,0.150221097,0.100921862,0.082409667,0.125379946,0.113005171,0.073390905,0.069127187,0.059533822,0.071808666,unknown
ACIN1,0.044379993,0.045556528,0.071020758,0.077870198,0.167980008,0.166447776,0.101802196,0.106946117,0.108441866,0.109554558,Nucleus (speckles)
ACLY,0.152334656,0.159586139,0.15850689,0.156723008,0.065414976,0.066467466,0.05668287,0.053204299,0.066039335,0.06504036,Cytosol_5
ACN9,0.050049725,0.04060205,0.08846198,0.111354422,0.140089504,0.134409425,0.152052096,0.177947139,0.053195762,0.051837898,unknown
ACO1,0.217408651,0.21405216,0.125517134,0.107338312,0.065048266,0.065351824,0.047884197,0.045186862,0.057069012,0.055143583,unknown
ACO2,0.045638676,0.045884758,0.105322935,0.112137503,0.123230105,0.119680851,0.184665329,0.161467404,0.051459453,0.050512986,unknown
ACOT1,0.069422058,0.072822756,0.101037921,0.110584672,0.106626047,0.106572911,0.153208523,0.130430932,0.074726793,0.074567385,unknown
ACOT11,0.255345149,0.273458802,0.104741637,0.097925118,0.046119572,0.047266742,0.052570327,0.048754738,0.036759327,0.037058589,Cytosol_4
ACOT13,0.061046852,0.056924254,0.09358657,0.095368828,0.126594356,0.113569468,0.186191998,0.156181646,0.050902381,0.059633647,unknown
ACOT2,0.022347267,0.025524872,0.083809344,0.07157178,0.229714394,0.196983166,0.116852657,0.113098165,0.069065633,0.071032722,unknown
ACOT4,0.05878062,0.054800072,0.066975865,0.062914265,0.095704251,0.095686239,0.150432277,0.1526567,0.126630043,0.135419669,unknown
ACOT7,0.222357903,0.247317415,0.110880165,0.107840335,0.057522929,0.055184598,0.056769467,0.052153429,0.050135537,0.039838222,unknown
ACOT8,0.047334889,0.043826274,0.052925341,0.058372218,0.086019383,0.091520101,0.181191673,0.180482771,0.126992103,0.131335248,unknown
ACOT9,0.047782071,0.047121236,0.084999954,0.097179518,0.125668866,0.115802227,0.181426854,0.158554606,0.070580893,0.070883776,unknown
ACOX1,0.044282844,0.045716495,0.065872499,0.068862417,0.093074144,0.090706733,0.177810475,0.164596361,0.124322081,0.124755949,unknown
ACOX3,0.049164761,0.042729921,0.057950439,0.067565823,0.0870916,0.086962534,0.157967033,0.160695848,0.146332694,0.143539347,unknown
ACP1,0.312490496,0.262190779,0.076413954,0.079087002,0.048274924,0.048298933,0.045249738,0.045465823,0.041368216,0.041160135,Cytosol_4
ACP2,0.024100442,0.024543465,0.044931376,0.047394583,0.066843285,0.065850914,0.207822011,0.190393493,0.163502007,0.164618424,unknown
ACP5,0.045165129,0.048428047,0.105672915,0.141485669,0.065972429,0.081136566,0.144639492,0.125280175,0.134880492,0.107339086,unknown
ACPL2,0.053367476,0.056583879,0.049043497,0.057150958,0.071824135,0.075439265,0.169060509,0.141947031,0.17643254,0.14915071,"Golgi, Endo/Lyosome"
ACPP,0.050110459,0.044050714,0.072291081,0.069212411,0.076532016,0.08968956,0.178997613,0.157730834,0.136375332,0.125009981,unknown
ACSF2,0.050792346,0.055099791,0.092409179,0.103079683,0.116357079,0.116366422,0.194049933,0.170373,0.05252093,0.048951637,unknown
ACSF3,0.062922012,0.059817339,0.101730427,0.102511357,0.146110111,0.139100788,0.130662933,0.120987019,0.065845738,0.070312277,unknown
ACSL1,0.045751695,0.044394023,0.056520081,0.051954211,0.121865033,0.122051015,0.14697267,0.147363233,0.125761366,0.137366674,"ER, Mitochondrion"
ACSL3,0.042173129,0.041082056,0.040432822,0.041217313,0.095482417,0.096122633,0.19116321,0.182019838,0.133769161,0.136537421,"ER, peroxisome"
ACSL4,0.050420926,0.050511157,0.058794337,0.061492236,0.094823464,0.098369531,0.170238299,0.169092369,0.123931894,0.122325787,"ER, Mitochondrion"
ACSL5,0.048322048,0.045853786,0.039929957,0.037899463,0.106526457,0.105464639,0.153414118,0.15559364,0.153991599,0.153004294,unknown
ACSM3,0.100785929,0.086619799,0.135733754,0.148144555,0.081636073,0.085914139,0.088657393,0.084000035,0.097733948,0.090774374,unknown
ACSS2,0.153156339,0.146274232,0.171680902,0.149039769,0.075104728,0.072973904,0.064169523,0.065593094,0.050668263,0.051339245,Cytosol_5
ACTA1,0.121332513,0.111332332,0.13326938,0.142853264,0.08111459,0.089377183,0.065458198,0.068517077,0.101359301,0.085386161,unknown
ACTB,0.240539101,0.214807785,0.075012903,0.080240747,0.054517756,0.061543712,0.071025423,0.067645639,0.065439622,0.069227311,unknown
ACTBL2,0.097620157,0.103211513,0.120548234,0.103167556,0.084872568,0.090551839,0.108952324,0.110851275,0.091562854,0.088661679,unknown
ACTG1,0.302807736,0.24384452,0.072663201,0.076423086,0.041739289,0.045141452,0.059153493,0.056984329,0.049030726,0.052212167,unknown
ACTL6A,0.105902162,0.111626849,0.132996587,0.137692833,0.092705347,0.092823663,0.06203413,0.065756542,0.099986348,0.09847554,unknown
ACTN1,0.162908133,0.174457887,0.156372705,0.153719622,0.068246135,0.070483569,0.05835898,0.057890268,0.04961265,0.047950051,unknown
ACTN2,0.093126779,0.102879007,0.11576688,0.094713266,0.093126779,0.089524521,0.131323783,0.121562223,0.080854836,0.077121926,unknown
ACTN3,0.181061916,0.174087716,0.190466645,0.108605411,0.094373032,0.087649402,0.040483767,0.039631829,0.035129921,0.048510361,unknown
ACTN4,0.106323992,0.107298067,0.170622284,0.169329762,0.086308632,0.089446276,0.07367376,0.073420875,0.060261502,0.063314851,unknown
ACTR10,0.286886259,0.249812614,0.086766002,0.079921257,0.0490746,0.048077953,0.052805851,0.04844037,0.051578575,0.04663652,Cytosol_2
ACTR1A,0.197682655,0.212592366,0.110699139,0.104656552,0.05570373,0.057522627,0.058432076,0.056919243,0.075737834,0.07005378,unknown
ACTR1B,0.216897574,0.240821138,0.101944931,0.103248192,0.049216798,0.051126035,0.058115501,0.052678327,0.063336847,0.062614658,unknown
ACTR2,0.184899806,0.200190274,0.101625041,0.096148242,0.068472839,0.069741331,0.062190377,0.06020193,0.077120867,0.079409294,unknown
ACTR3,0.185619432,0.187981173,0.089056984,0.084215835,0.076063204,0.076718776,0.067885359,0.06801143,0.079517566,0.08493024,unknown
ACTR3B,0.154879484,0.165105846,0.118409157,0.074663528,0.087926241,0.085640448,0.063285741,0.063558672,0.084941064,0.10158982,unknown
ACTR5,0.072185985,0.070181831,0.105272747,0.096518238,0.111075684,0.103815181,0.070427796,0.076066757,0.143169479,0.151286303,unknown
ACTR6,0.123917317,0.15462289,0.106343066,0.10076921,0.119294876,0.113963362,0.063322952,0.063610171,0.070718857,0.083437301,unknown
ACTR8,0.085174773,0.0842257,0.106743786,0.126190817,0.102061099,0.102875868,0.076328701,0.074896139,0.119251844,0.122251271,unknown
ACVR1,0.079646851,0.085478429,0.032214972,0.032369111,0.090085461,0.09363065,0.187329805,0.178783675,0.107503126,0.11295792,Plasma Membrane
ACVR1B,0.053396103,0.047417458,0.05563362,0.045457393,0.097797388,0.103937135,0.165674701,0.151712595,0.144212439,0.134761167,unknown
ACVR1C,0.067849023,0.059373339,0.049930749,0.04369376,0.114173468,0.08529691,0.186064339,0.17972282,0.103345848,0.110549743,unknown
ACY1,0.183048348,0.187584681,0.133628895,0.119659732,0.065412386,0.06580685,0.06109901,0.056425472,0.06852522,0.058809405,unknown
ACYP1,0.328448497,0.318745593,0.069482725,0.067928338,0.041079097,0.039043972,0.033699763,0.034380809,0.032594064,0.034597141,Cytosol_4
ACYP2,0.214395237,0.234409918,0.097202512,0.103131882,0.052907593,0.057719599,0.094927004,0.082766495,0.035380475,0.027159286,Cytosol_1
ADA,0.297263083,0.282755652,0.096226718,0.096412386,0.038686483,0.039049379,0.043159396,0.040745711,0.033614367,0.032086825,unknown
ADAL,0.197864898,0.210393254,0.137526191,0.156704012,0.065810663,0.055620011,0.049325529,0.045870924,0.039385963,0.041498554,unknown
ADAM10,0.049980816,0.04854905,0.038564116,0.040632223,0.123524953,0.121335192,0.174881388,0.166702539,0.11422315,0.121606573,Plasma Membrane
ADAM12,0.050208911,0.040348331,0.057140344,0.059831992,0.120314905,0.121220917,0.125100057,0.133500462,0.131336588,0.160997493,unknown
ADAM15,0.065438124,0.059563016,0.044318752,0.050266843,0.115723213,0.114199699,0.153208959,0.150663687,0.117794098,0.12882361,"ER, peroxisome"
ADAM17,0.060260706,0.056654034,0.049477307,0.056544186,0.119450395,0.118104758,0.163755698,0.164176782,0.102314128,0.109262005,unknown
ADAM19,0.026005308,0.029504799,0.031613583,0.031586315,0.104366638,0.099485529,0.196135108,0.17604712,0.145769706,0.159485893,unknown
ADAM21,0.042278188,0.039493502,0.059835721,0.060448702,0.1396809,0.138087148,0.132482749,0.12872605,0.132290098,0.126676941,unknown
ADAM22,0.055698256,0.047325492,0.030039205,0.033085485,0.11626335,0.112838538,0.204091749,0.190969312,0.099256455,0.110432157,unknown
ADAM23,0.024978639,0.024324177,0.108040795,0.133228498,0.072927082,0.078653626,0.091497446,0.124429618,0.177677387,0.164242733,unknown
ADAM8,0.049439862,0.050861247,0.040668425,0.047625727,0.118386355,0.111662833,0.159961847,0.154940246,0.123810058,0.142643401,unknown
ADAM9,0.039960086,0.037241152,0.029761796,0.03032023,0.103227933,0.104280718,0.200587729,0.187670506,0.132934801,0.13401505,"ER, peroxisome"
ADAMTS12,0.050142918,0.042424461,0.065543763,0.073731098,0.081052812,0.076345996,0.179255746,0.151348476,0.140663463,0.139491267,unknown
ADAMTSL1,0.041405856,0.030039729,0.039671878,0.046436295,0.086222502,0.114928402,0.15664866,0.178209049,0.149874715,0.156562914,unknown
ADAMTSL4,0.051021337,0.047316487,0.043502403,0.042064157,0.095561462,0.100395063,0.184896592,0.164488057,0.131663268,0.139091174,unknown
ADAP1,0.18819671,0.150569913,0.1352199,0.161914406,0.061346285,0.073640632,0.072287537,0.068452274,0.0464712,0.041901143,unknown
ADAR,0.051094371,0.048942093,0.044593068,0.04668309,0.141152091,0.135566841,0.086153381,0.090111082,0.169442987,0.186260995,Nucleus (Nucleolus)
ADARB1,0.061767124,0.068541756,0.048378736,0.05220399,0.135340698,0.129584942,0.074538825,0.075262763,0.175344988,0.179036179,"Nucleosol, Ribosome"
ADAT1,0.081068008,0.097504111,0.155693141,0.159823933,0.084724775,0.093847344,0.085556738,0.081648447,0.080168327,0.079965174,unknown
ADAT2,0.309769307,0.264260018,0.131236451,0.127592289,0.032688677,0.033364673,0.033209271,0.030513058,0.019821444,0.017544814,Cytosol_5
ADAT3,0.127589525,0.154777178,0.19770952,0.197256707,0.070469039,0.068808724,0.048677408,0.047507641,0.044856798,0.042347459,Cytosol_5
ADCK1,0.051373614,0.052634485,0.063549768,0.061423772,0.117573973,0.128231559,0.169039621,0.184676269,0.085794487,0.085702453,Mitochondria membrane
ADCK2,0.047853709,0.060820882,0.044118195,0.05161717,0.103513806,0.093089764,0.222444759,0.204959571,0.084845549,0.086736595,unknown
ADCK3,0.044374832,0.046339632,0.059907877,0.067526112,0.145617661,0.132735243,0.152133013,0.180057276,0.077044273,0.09426408,Mitochondria membrane
ADCK4,0.051212118,0.054756769,0.0597839,0.062644328,0.147905995,0.142840852,0.146946184,0.141462905,0.090212774,0.102234175,Mitochondria membrane
ADCK5,0.052954169,0.086007731,0.063379348,0.051253451,0.139646604,0.128072888,0.130193263,0.140784097,0.09362783,0.114080618,unknown
ADCY3,0.047501294,0.050357978,0.033691014,0.037842133,0.130273706,0.129639879,0.173070399,0.164187898,0.110330483,0.123105215,Plasma Membrane
ADCY5,0.126207352,0.088718644,0.115775485,0.103580363,0.090273435,0.078547356,0.089778334,0.138341672,0.095867209,0.072910152,unknown
ADCY6,0.078693607,0.084497396,0.048494079,0.059002181,0.108361421,0.104702511,0.165191687,0.158009048,0.098177755,0.094870316,Plasma Membrane
ADCY7,0.052505182,0.054632783,0.032379717,0.034562107,0.138175376,0.137079616,0.139134167,0.145462183,0.128623999,0.13744487,unknown
ADCY9,0.049933288,0.046826166,0.034900298,0.036472136,0.114597993,0.113263758,0.202310237,0.19239486,0.105751832,0.103549431,Plasma Membrane
ADD1,0.113821577,0.122285786,0.116214223,0.120450825,0.093439113,0.094419559,0.094023783,0.088258046,0.077823952,0.079263137,unknown
ADD2,0.202133453,0.187066156,0.115645612,0.111807471,0.066156067,0.068706183,0.068498716,0.067046447,0.055972891,0.056967004,unknown
ADD3,0.164350274,0.162785616,0.108005105,0.110994563,0.075488191,0.077891995,0.089229209,0.083136658,0.066406182,0.061712208,unknown
ADH5,0.237457537,0.2682269,0.114866595,0.112451136,0.052627985,0.050707567,0.047430054,0.04367457,0.0373756,0.035182056,Cytosol_4
ADI1,0.241473778,0.263781729,0.122042779,0.110541365,0.054935225,0.058745068,0.045845913,0.045318765,0.029049057,0.028266322,Cytosol_4
ADIPOR1,0.067702976,0.080599688,0.028431821,0.049367547,0.092553435,0.0934583,0.127757458,0.111917552,0.168114451,0.180096773,unknown
ADIPOR2,0.066596926,0.066242731,0.02956294,0.026523451,0.127889162,0.123243439,0.167410751,0.1572297,0.11036062,0.124940281,"ER, peroxisome"
ADIRF,0.405269579,0.317888682,0.058745352,0.055128689,0.026268011,0.026289798,0.033857193,0.029688589,0.024488729,0.022375378,unknown
ADK,0.204817879,0.198400585,0.149168608,0.140760971,0.067618104,0.061013379,0.049231978,0.047652199,0.038628716,0.04270758,Cytosol_5
ADM,0.026733232,0.011901981,0.030324263,0.032192767,0.055802094,0.08163027,0.195151621,0.185507416,0.204708241,0.176048114,unknown
ADM2,0.287266588,0.144112798,0.058673874,0.05241258,0.087071617,0.069999683,0.090083378,0.09217576,0.060552262,0.05765146,unknown
ADNP,0.049704153,0.047231685,0.155303066,0.165778025,0.113129559,0.117640397,0.09108496,0.095822284,0.080459011,0.083846858,Nucleus (speckles)
ADNP2,0.066096382,0.068257089,0.101535519,0.09560243,0.150789012,0.148442343,0.09201601,0.098905478,0.090997644,0.087358093,Nucleus (speckles)
ADO,0.19896539,0.219202423,0.104808921,0.114025874,0.060142149,0.066383068,0.065175148,0.067345903,0.05131033,0.052640793,Cytosol_5
ADORA2B,0.091246026,0.092393614,0.063627399,0.060924191,0.137591595,0.143839576,0.115498393,0.108170829,0.10155732,0.085151057,unknown
ADPGK,0.058480933,0.048362423,0.073704775,0.059043073,0.142000111,0.141106217,0.107626666,0.112483182,0.12094292,0.1362497,unknown
ADPRH,0.070158783,0.0734947,0.080837202,0.081533999,0.095400267,0.086890629,0.131807928,0.117845851,0.128872669,0.133157973,unknown
ADPRHL2,0.125396928,0.134765824,0.142718276,0.146254756,0.076256515,0.076089875,0.088143533,0.082986937,0.065943324,0.061444032,Cytosol_5
ADPRM,0.113694205,0.097455848,0.123848533,0.102203104,0.122940214,0.100943453,0.062331297,0.07126882,0.084962168,0.120352359,unknown
ADRB2,0.034143631,0.0300157,0.038694939,0.04236421,0.13261418,0.115079295,0.193174802,0.181637765,0.117231464,0.115044014,unknown
ADRBK1,0.238778313,0.253007065,0.099865985,0.091469367,0.065998246,0.069935971,0.045449281,0.050917424,0.039443424,0.045134925,Cytosol_4
ADRM1,0.246139326,0.220038078,0.090670919,0.09330708,0.034839634,0.036824891,0.048264527,0.046889493,0.10150847,0.081517583,Cytosol_1
ADSL,0.233244603,0.251551426,0.114209426,0.115507724,0.05289545,0.051882941,0.048747428,0.046044681,0.045285299,0.040631022,Cytosol_5
ADSS,0.243113253,0.249446677,0.110928562,0.113175906,0.054481068,0.055468537,0.047500681,0.044019,0.041524789,0.040341528,unknown
AEBP2,0.09336325,0.087338675,0.136718992,0.151842266,0.081543775,0.082524315,0.075907882,0.07262175,0.114670106,0.103468989,unknown
AEN,0.141323556,0.145510248,0.064088589,0.065269451,0.088267354,0.086632314,0.096574675,0.091851228,0.111281772,0.109200813,unknown
AES,0.052789391,0.054974367,0.118310285,0.107177314,0.120987117,0.116711753,0.085251887,0.103942415,0.111935075,0.127920395,unknown
AFAP1,0.077648886,0.068852758,0.136792108,0.145679576,0.104192547,0.104548776,0.102374863,0.100027402,0.075840336,0.084042748,unknown
AFAP1L1,0.126296177,0.131136979,0.085575977,0.083460303,0.093263798,0.089955336,0.114951636,0.109292424,0.0805001,0.085567271,unknown
AFAP1L2,0.272105179,0.282663236,0.085550016,0.086016404,0.051962046,0.050048247,0.051769058,0.04869733,0.036241557,0.034946928,unknown
AFF1,0.06397658,0.061580488,0.133957374,0.130917973,0.106593448,0.112112849,0.094184117,0.094678252,0.105689086,0.096309832,unknown
AFF4,0.036853556,0.039245788,0.180858378,0.18677303,0.107763452,0.12202266,0.084170771,0.084905394,0.081514829,0.075892142,Nucleosol
AFG3L2,0.038164918,0.036986932,0.031014173,0.030149089,0.12329284,0.122768268,0.222887907,0.221857169,0.083259709,0.089618995,Mitochondria membrane
AFMID,0.188222659,0.211372904,0.103341221,0.106378694,0.066539126,0.072219705,0.067378207,0.072219705,0.0618151,0.050512679,unknown
AFP,0.399820715,0.256671761,0.069355455,0.055144898,0.038076064,0.036488949,0.042249589,0.036503644,0.032726899,0.032962027,Cytosol_4
AFTPH,0.25186676,0.251357457,0.096907216,0.096406128,0.049665256,0.044054709,0.061510658,0.052088553,0.046412289,0.049730973,unknown
AGA,0.054328405,0.055005792,0.113143272,0.120064401,0.078949952,0.077290844,0.159097603,0.145441872,0.104307789,0.092370069,unknown
AGAP1,0.103540073,0.110623866,0.110213608,0.103503606,0.101634651,0.096529215,0.09527109,0.095626647,0.090539444,0.092517801,unknown
AGAP2,0.090305841,0.090215436,0.153372569,0.151266126,0.086337049,0.090188314,0.080270854,0.086906602,0.083489282,0.087647926,unknown
AGAP3,0.082133815,0.069501973,0.162970451,0.118794786,0.109884506,0.106878629,0.072874639,0.071049642,0.09646541,0.109446149,unknown
AGBL5,0.164197766,0.131242289,0.069670197,0.067889939,0.085518635,0.084127549,0.10066325,0.100953059,0.098079805,0.097657511,unknown
AGFG1,0.132399224,0.147497305,0.126570382,0.119180858,0.113938349,0.104979521,0.08037077,0.083673205,0.045061436,0.04632895,Cytosol_2
AGFG2,0.233767099,0.209090758,0.094073346,0.095756202,0.075811853,0.073937384,0.062249029,0.057342086,0.052710065,0.045262176,Cytosol_1
AGGF1,0.076982409,0.065663653,0.186759472,0.189482292,0.079798158,0.086498341,0.085866424,0.085141577,0.072029291,0.071778383,Nucleosol
AGK,0.040231407,0.04140805,0.039084179,0.039868608,0.134382507,0.13458842,0.203265186,0.20471638,0.080286317,0.082168946,Mitochondria membrane
AGL,0.1398842,0.139558622,0.090572314,0.091707437,0.054204357,0.052470874,0.053403611,0.051722924,0.166915983,0.159559678,unknown
AGMAT,0.049459784,0.045895281,0.096860283,0.098642534,0.136042109,0.13018746,0.167032967,0.148988826,0.063145258,0.063745498,unknown
AGO1,0.06606712,0.072164948,0.099688528,0.103636762,0.078280325,0.079491116,0.078403159,0.080780873,0.167738539,0.173748629,unknown
AGO2,0.07774143,0.081502089,0.099680117,0.104627876,0.072358703,0.072114034,0.08631392,0.082970105,0.159479126,0.1632126,"Nucleosol, Ribosome"
AGO3,0.054071888,0.051477079,0.082784203,0.086306366,0.077451916,0.082142188,0.086609539,0.085512764,0.202778496,0.19086556,unknown
AGO4,0.080601477,0.07963223,0.071524978,0.075809593,0.071561212,0.080710177,0.077929254,0.084849857,0.185325422,0.1920558,unknown
AGPAT1,0.070078733,0.072960526,0.047159055,0.054574509,0.116277191,0.100997405,0.124114589,0.13706919,0.143515069,0.133253732,unknown
AGPAT2,0.039327264,0.035368274,0.039920626,0.03011556,0.156132057,0.154351971,0.105482277,0.117816427,0.159877048,0.161608498,unknown
AGPAT3,0.038986971,0.041065072,0.042492636,0.041453586,0.104067656,0.107085419,0.1683171,0.158866261,0.149803936,0.147861364,"ER, peroxisome"
AGPAT5,0.047155776,0.043504134,0.042936101,0.042332002,0.112795174,0.107718941,0.228151007,0.211831321,0.08309515,0.080480394,Mitochondria membrane
AGPAT6,0.038245408,0.028665418,0.028879756,0.038506342,0.094085195,0.088195551,0.209045076,0.194861472,0.147380879,0.132134903,"ER, peroxisome"
AGPAT9,0.036666575,0.039863711,0.030564614,0.031742987,0.094991459,0.093657797,0.186365588,0.184228075,0.156202899,0.145716295,"ER, peroxisome"
AGPS,0.05333732,0.054944542,0.045917938,0.046665483,0.095237205,0.094499005,0.172290384,0.168132166,0.134343142,0.134632815,unknown
AGR2,0.042988863,0.039300712,0.094084353,0.109302538,0.101853204,0.090852657,0.172521453,0.156308198,0.100538616,0.092249407,unknown
AGRN,0.047614715,0.050326197,0.060962849,0.06206382,0.110679417,0.107685868,0.173107195,0.158667188,0.113718461,0.11517429,"ER, Mitochondrion"
AGTPBP1,0.207150178,0.229756878,0.099126727,0.097134189,0.059398959,0.056750441,0.059964741,0.061539092,0.064982986,0.06419581,unknown
AGTRAP,0.101611243,0.101171253,0.052059592,0.056811482,0.055896303,0.057594664,0.132674522,0.132296131,0.166756131,0.143128679,unknown
AHCTF1,0.037639553,0.036629452,0.033829523,0.033864965,0.215585681,0.210375687,0.11638313,0.121788056,0.094160907,0.099743044,Nucleus (Nucleolus)
AHCY,0.222391961,0.229809553,0.12743151,0.120523135,0.056446685,0.054002444,0.049419493,0.046805513,0.045549445,0.04762026,Cytosol_5
AHCYL1,0.216091449,0.267066304,0.095693052,0.094576999,0.059556623,0.055329151,0.0629386,0.056479023,0.044591373,0.047677427,Cytosol_3
AHCYL2,0.189711332,0.214780716,0.090522327,0.093397371,0.066591328,0.07068785,0.084556196,0.081082878,0.054235288,0.054434713,Cytosol_1
AHDC1,0.041526718,0.042766053,0.052914234,0.049429726,0.122047598,0.122523574,0.11077683,0.11753031,0.167588684,0.172896273,"Nucleosol, Ribosome"
AHI1,0.159132869,0.168168321,0.078264717,0.082833491,0.077524524,0.078690115,0.113964113,0.103252593,0.080400214,0.057769043,unknown
AHNAK,0.078663902,0.07740152,0.140142824,0.157392306,0.089970053,0.094374568,0.124174153,0.114812255,0.063810182,0.059258235,unknown
AHNAK2,0.141982919,0.131601987,0.142224128,0.157456046,0.067476058,0.066546955,0.09627823,0.086352916,0.058042095,0.052038665,unknown
AHR,0.123459863,0.128734862,0.119936815,0.125192667,0.083232014,0.080503566,0.092949117,0.088755924,0.087339046,0.069896128,unknown
AHSA1,0.207249744,0.226327579,0.095047757,0.097171218,0.066968115,0.065927203,0.063553923,0.062113301,0.059048856,0.056592304,Cytosol_3
AHSG,0.346325986,0.203641246,0.082503477,0.057887502,0.052692572,0.043429613,0.077804063,0.052836432,0.044468599,0.038410511,unknown
AIDA,0.092751721,0.101659266,0.111366782,0.117353084,0.079763424,0.081156633,0.131123375,0.128480774,0.079682528,0.076662412,unknown
AIFM1,0.054375531,0.05052891,0.05353525,0.053880699,0.114474311,0.11360602,0.208707181,0.195402728,0.077828713,0.077660657,Mitochondria membrane
AIFM2,0.074600546,0.075701562,0.065944591,0.071467574,0.099843351,0.10222441,0.138459473,0.134995301,0.118327888,0.118435304,unknown
AIM1,0.070377193,0.069697566,0.079158693,0.082369038,0.090792839,0.092116324,0.140128414,0.135827089,0.117986872,0.121545973,unknown
AIM1L,0.155695923,0.14899068,0.148522461,0.167966783,0.062785459,0.067414638,0.066098326,0.062485092,0.057926587,0.062114051,unknown
AIM2,0.09690269,0.107870301,0.085926228,0.095592596,0.124326143,0.113234604,0.116341651,0.109215803,0.075188769,0.075401216,unknown
AIMP1,0.106031443,0.114341992,0.10576162,0.104196647,0.05815585,0.059343071,0.071530076,0.067185926,0.165104691,0.148348683,unknown
AIMP2,0.130106909,0.13844472,0.098682626,0.101063534,0.068314465,0.066869245,0.069268681,0.071695911,0.125428471,0.130125438,unknown
AIP,0.187534577,0.20062461,0.105889176,0.103729812,0.071107344,0.075434996,0.068189524,0.066913536,0.062389578,0.058186848,Cytosol_3
AJUBA,0.186722311,0.207657376,0.098748856,0.097021371,0.071322894,0.067645575,0.083808677,0.080157013,0.052722499,0.054193427,Cytosol_2
AK1,0.260511282,0.285738357,0.101349616,0.106878069,0.046626761,0.046923645,0.042518535,0.03926084,0.034992137,0.035200757,Cytosol_4
AK2,0.059617846,0.063420416,0.165397563,0.198890522,0.096097862,0.099350434,0.112986582,0.101787492,0.052003224,0.050448058,Nucleosol
AK3,0.041939948,0.042783486,0.098333776,0.092504834,0.136918528,0.132606058,0.185104447,0.172242863,0.049692914,0.047873147,unknown
AK4,0.06119674,0.060364801,0.082603523,0.090958698,0.130229812,0.13073971,0.159276123,0.151904962,0.067082935,0.065642695,unknown
AKAP1,0.045002399,0.042243384,0.037343594,0.040370206,0.107730779,0.10648507,0.234064149,0.210358764,0.086332263,0.090069391,Mitochondria membrane
AKAP10,0.214583282,0.265289521,0.082669822,0.082374015,0.050196794,0.052062021,0.071182653,0.072283712,0.058101412,0.051256769,unknown
AKAP11,0.211752644,0.222782633,0.07260445,0.070901168,0.050329494,0.049808588,0.07980619,0.077011485,0.083849417,0.081153932,unknown
AKAP12,0.322089592,0.257212268,0.08184416,0.084366994,0.035008215,0.039018275,0.053508997,0.047770329,0.040209613,0.038971556,Cytosol_2
AKAP13,0.196902126,0.205001367,0.091535097,0.092910601,0.057455061,0.05874513,0.080180781,0.076677944,0.071970474,0.06862142,unknown
AKAP17A,0.042495487,0.036626847,0.048826725,0.052536577,0.148575471,0.140112656,0.126171234,0.128484222,0.139241884,0.136928896,Nucleus (Nucleolus)
AKAP5,0.042757932,0.037710499,0.033561799,0.037238437,0.131905043,0.137778585,0.206445463,0.190050384,0.088920158,0.093631701,unknown
AKAP8,0.042058351,0.037353549,0.10810935,0.113448197,0.11587411,0.120045945,0.081065932,0.082591316,0.145619113,0.153834137,unknown
AKAP8L,0.048113977,0.042240996,0.137227657,0.130002223,0.10198051,0.097802727,0.094745813,0.095079295,0.125250111,0.127556692,Nucleosol
AKAP9,0.144521196,0.156523354,0.103605954,0.104791134,0.065308722,0.068979242,0.08558945,0.081494388,0.097432405,0.091754155,unknown
AKIP1,0.105167911,0.113062107,0.062889452,0.065041525,0.100159449,0.094495583,0.164027116,0.135433887,0.086581823,0.073141147,unknown
AKIRIN1,0.087595726,0.074132159,0.13673591,0.08788921,0.088265236,0.090328794,0.089448342,0.071344064,0.123226487,0.151034072,unknown
AKIRIN2,0.068881592,0.089653158,0.147365719,0.167800975,0.091848023,0.088803533,0.072156189,0.074510359,0.104813658,0.094166792,unknown
AKNA,0.118414014,0.118350545,0.079335576,0.084367718,0.093207968,0.096154718,0.117888132,0.121134091,0.089535864,0.081611374,unknown
AKR1A1,0.234764972,0.229995672,0.118494191,0.106452133,0.066328912,0.062858016,0.047811808,0.048524657,0.046089089,0.03868055,Cytosol_5
AKR1B1,0.217304862,0.214722818,0.117767048,0.120856894,0.065816313,0.067305292,0.050220765,0.048903922,0.049230981,0.047871104,unknown
AKR1B10,0.151951465,0.156083382,0.105799049,0.104785081,0.121549342,0.126568481,0.08210601,0.057914438,0.047064987,0.046177765,unknown
AKR7A2,0.12910176,0.13225663,0.117756194,0.105700997,0.090319933,0.095697748,0.076785623,0.084377832,0.092748072,0.075255211,unknown
AKT1,0.188187466,0.189842477,0.115290603,0.110384981,0.067414109,0.07106362,0.067745111,0.067643265,0.061693713,0.060734655,Cytosol_1
AKT1S1,0.156978546,0.167292262,0.098867041,0.089681118,0.068451049,0.070138435,0.09189366,0.079728985,0.085763973,0.091204931,unknown
AKT2,0.224131153,0.246254862,0.086512484,0.092710468,0.053356196,0.056534649,0.068938982,0.063485425,0.057755845,0.050319936,Cytosol_1
AKT3,0.214478789,0.210812194,0.110680026,0.106706459,0.061649968,0.064830527,0.063312726,0.064804946,0.053148582,0.049575783,unknown
AKTIP,0.182795789,0.202851518,0.10757012,0.117130796,0.070545442,0.066707824,0.066782908,0.062870205,0.063721155,0.059024244,Cytosol_1
ALAD,0.261628826,0.221319251,0.146099481,0.069749241,0.064294523,0.052080698,0.041376802,0.036688907,0.042230584,0.064531685,unknown
ALAS1,0.038124231,0.038687267,0.090667914,0.112215977,0.114515837,0.118438004,0.202149081,0.190344406,0.048001222,0.046856063,unknown
ALB,0.168577291,0.15358624,0.096223862,0.063674859,0.086785699,0.075496573,0.084716462,0.077827738,0.105854106,0.08725717,unknown
ALCAM,0.040971027,0.041882528,0.04235688,0.041761615,0.153550667,0.152434544,0.178319304,0.172906106,0.0868809,0.088936427,Plasma Membrane
ALDH16A1,0.172151312,0.188079284,0.089753253,0.090937704,0.05418658,0.057864177,0.066917362,0.060746619,0.11315238,0.106211329,unknown
ALDH18A1,0.045766913,0.046771438,0.093880846,0.105343698,0.143093186,0.140962091,0.168422238,0.148068871,0.054272517,0.053418202,unknown
ALDH1A1,0.109049589,0.110706324,0.087043639,0.085100662,0.11379427,0.111912011,0.091250531,0.086124194,0.098432607,0.106586172,unknown
ALDH1A3,0.330853829,0.316164131,0.076742353,0.077476057,0.034772903,0.036115426,0.034382635,0.033204024,0.030878026,0.029410617,Cytosol_4
